bar_index,timestamp_utc,equity
0,2026-04-24T14:00:00Z,10000.0
1,2026-04-24T15:00:00Z,10000.0
2,2026-04-24T16:00:00Z,10000.0
3,2026-04-24T17:00:00Z,10000.0
4,2026-04-24T18:00:00Z,10000.0
5,2026-04-24T19:00:00Z,10000.0
6,2026-04-24T20:00:00Z,10000.0
7,2026-04-26T22:00:00Z,10000.0
8,2026-04-26T23:00:00Z,10000.0
9,2026-04-27T00:00:00Z,10000.0
10,2026-04-27T01:00:00Z,10000.0
11,2026-04-27T02:00:00Z,10000.0
12,2026-04-27T03:00:00Z,10000.0
13,2026-04-27T04:00:00Z,10000.0
14,2026-04-27T05:00:00Z,10000.0
15,2026-04-27T06:00:00Z,10000.0
16,2026-04-27T07:00:00Z,10000.0
17,2026-04-27T08:00:00Z,10000.0
18,2026-04-27T09:00:00Z,10000.0
19,2026-04-27T10:00:00Z,10000.0
20,2026-04-27T11:00:00Z,10000.0
21,2026-04-27T12:00:00Z,10000.0
22,2026-04-27T13:00:00Z,10000.0
23,2026-04-27T14:00:00Z,10000.0
24,2026-04-27T15:00:00Z,10000.0
25,2026-04-27T16:00:00Z,10000.0
26,2026-04-27T17:00:00Z,10000.0
27,2026-04-27T18:00:00Z,10000.0
28,2026-04-27T19:00:00Z,10000.0
29,2026-04-27T20:00:00Z,10000.0
30,2026-04-27T22:00:00Z,10000.0
31,2026-04-27T23:00:00Z,10000.0
32,2026-04-28T00:00:00Z,10000.0
33,2026-04-28T01:00:00Z,10000.0
34,2026-04-28T02:00:00Z,10000.0
35,2026-04-28T03:00:00Z,10000.0
36,2026-04-28T04:00:00Z,10000.0
37,2026-04-28T05:00:00Z,10000.0
38,2026-04-28T06:00:00Z,10000.0
39,2026-04-28T07:00:00Z,10000.0
40,2026-04-28T08:00:00Z,10000.0
41,2026-04-28T09:00:00Z,10000.0
42,2026-04-28T10:00:00Z,10000.0
43,2026-04-28T11:00:00Z,10000.0
44,2026-04-28T12:00:00Z,10000.0
45,2026-04-28T13:00:00Z,10000.0
46,2026-04-28T14:00:00Z,10000.0
47,2026-04-28T15:00:00Z,10000.0
48,2026-04-28T16:00:00Z,10000.0
49,2026-04-28T17:00:00Z,10000.0
50,2026-04-28T18:00:00Z,10000.0
51,2026-04-28T19:00:00Z,10000.0
52,2026-04-28T20:00:00Z,10000.0
53,2026-04-28T22:00:00Z,10000.0
54,2026-04-28T23:00:00Z,10000.0
55,2026-04-29T00:00:00Z,10000.0
56,2026-04-29T01:00:00Z,10000.0
57,2026-04-29T02:00:00Z,10000.0
58,2026-04-29T03:00:00Z,10000.0
59,2026-04-29T04:00:00Z,10000.0
60,2026-04-29T05:00:00Z,10000.0
61,2026-04-29T06:00:00Z,10000.0
62,2026-04-29T07:00:00Z,10000.0
63,2026-04-29T08:00:00Z,10000.0
64,2026-04-29T09:00:00Z,10000.0
65,2026-04-29T10:00:00Z,10000.0
66,2026-04-29T11:00:00Z,10000.0
67,2026-04-29T12:00:00Z,10000.0
68,2026-04-29T13:00:00Z,10000.0
69,2026-04-29T14:00:00Z,10000.0
70,2026-04-29T15:00:00Z,10000.0
71,2026-04-29T16:00:00Z,10000.0
72,2026-04-29T17:00:00Z,10000.0
73,2026-04-29T18:00:00Z,10000.0
74,2026-04-29T19:00:00Z,10000.0
75,2026-04-29T20:00:00Z,10000.0
76,2026-04-29T22:00:00Z,10000.0
77,2026-04-29T23:00:00Z,10000.0
78,2026-04-30T00:00:00Z,10000.0
79,2026-04-30T01:00:00Z,10000.0
80,2026-04-30T02:00:00Z,10000.0
81,2026-04-30T03:00:00Z,10000.0
82,2026-04-30T04:00:00Z,10000.0
83,2026-04-30T05:00:00Z,10000.0
84,2026-04-30T06:00:00Z,10000.0
85,2026-04-30T07:00:00Z,10000.0
86,2026-04-30T08:00:00Z,10000.0
87,2026-04-30T09:00:00Z,10000.0
88,2026-04-30T10:00:00Z,10000.0
89,2026-04-30T11:00:00Z,10000.0
90,2026-04-30T12:00:00Z,10000.0
91,2026-04-30T13:00:00Z,10000.0
92,2026-04-30T14:00:00Z,10000.0
93,2026-04-30T15:00:00Z,10000.0
94,2026-04-30T16:00:00Z,10000.0
95,2026-04-30T17:00:00Z,10000.0
96,2026-04-30T18:00:00Z,10000.0
97,2026-04-30T19:00:00Z,10000.0
98,2026-04-30T20:00:00Z,10000.0
99,2026-04-30T22:00:00Z,10000.0
100,2026-04-30T23:00:00Z,10000.0
101,2026-05-01T00:00:00Z,10000.0
102,2026-05-01T01:00:00Z,10000.0
103,2026-05-01T02:00:00Z,10000.0
104,2026-05-01T03:00:00Z,10000.0
105,2026-05-01T04:00:00Z,10000.0
106,2026-05-01T05:00:00Z,10000.0
107,2026-05-01T06:00:00Z,10000.0
108,2026-05-01T07:00:00Z,10000.0
109,2026-05-01T08:00:00Z,10000.0
110,2026-05-01T09:00:00Z,10000.0
111,2026-05-01T10:00:00Z,10000.0
112,2026-05-01T11:00:00Z,10000.0
113,2026-05-01T12:00:00Z,10000.0
114,2026-05-01T13:00:00Z,10000.0
115,2026-05-01T14:00:00Z,10000.0
116,2026-05-01T15:00:00Z,10000.0
117,2026-05-01T16:00:00Z,10000.0
118,2026-05-01T17:00:00Z,10000.0
119,2026-05-01T18:00:00Z,10000.0
120,2026-05-01T19:00:00Z,10000.0
121,2026-05-01T20:00:00Z,10000.0
122,2026-05-03T22:00:00Z,10000.0
123,2026-05-03T23:00:00Z,10000.0
124,2026-05-04T00:00:00Z,10000.0
125,2026-05-04T01:00:00Z,10000.0
126,2026-05-04T02:00:00Z,10000.0
127,2026-05-04T03:00:00Z,10000.0
128,2026-05-04T04:00:00Z,10000.0
129,2026-05-04T05:00:00Z,10000.0
130,2026-05-04T06:00:00Z,10000.0
131,2026-05-04T07:00:00Z,10000.0
132,2026-05-04T08:00:00Z,10000.0
133,2026-05-04T09:00:00Z,10000.0
134,2026-05-04T10:00:00Z,10000.0
135,2026-05-04T11:00:00Z,9986.830767229894
136,2026-05-04T12:00:00Z,9972.680624493994
137,2026-05-04T13:00:00Z,9980.673834894427
138,2026-05-04T14:00:00Z,9985.174516426201
139,2026-05-04T15:00:00Z,10056.897377316565
140,2026-05-04T16:00:00Z,10076.664370604121
141,2026-05-04T17:00:00Z,10055.61918376154
142,2026-05-04T18:00:00Z,10066.456824890056
143,2026-05-04T19:00:00Z,10050.03498824679
144,2026-05-04T20:00:00Z,10050.03498824679
145,2026-05-04T22:00:00Z,10050.03498824679
146,2026-05-04T23:00:00Z,10050.03498824679
147,2026-05-05T00:00:00Z,10050.03498824679
148,2026-05-05T01:00:00Z,10050.03498824679
149,2026-05-05T02:00:00Z,10050.03498824679
150,2026-05-05T03:00:00Z,10050.03498824679
151,2026-05-05T04:00:00Z,10050.03498824679
152,2026-05-05T05:00:00Z,10050.03498824679
153,2026-05-05T06:00:00Z,10050.03498824679
154,2026-05-05T07:00:00Z,10050.03498824679
155,2026-05-05T08:00:00Z,10050.03498824679
156,2026-05-05T09:00:00Z,10050.03498824679
157,2026-05-05T10:00:00Z,10050.03498824679
158,2026-05-05T11:00:00Z,10050.03498824679
159,2026-05-05T12:00:00Z,10050.03498824679
160,2026-05-05T13:00:00Z,10050.03498824679
161,2026-05-05T14:00:00Z,10050.03498824679
162,2026-05-05T15:00:00Z,10050.03498824679
163,2026-05-05T16:00:00Z,10050.03498824679
164,2026-05-05T17:00:00Z,10050.03498824679
165,2026-05-05T18:00:00Z,10050.03498824679
166,2026-05-05T19:00:00Z,10050.03498824679
167,2026-05-05T20:00:00Z,10050.03498824679
168,2026-05-05T22:00:00Z,10050.03498824679
169,2026-05-05T23:00:00Z,10050.03498824679
170,2026-05-06T00:00:00Z,10050.03498824679
171,2026-05-06T01:00:00Z,10050.03498824679
172,2026-05-06T02:00:00Z,10060.189271468114
173,2026-05-06T03:00:00Z,10065.339946785627
174,2026-05-06T04:00:00Z,10074.879577831445
175,2026-05-06T05:00:00Z,10100.39718406997
176,2026-05-06T06:00:00Z,10111.804841727422
177,2026-05-06T07:00:00Z,10134.057935440764
178,2026-05-06T08:00:00Z,10167.73682299225
179,2026-05-06T09:00:00Z,10170.693020445613
180,2026-05-06T10:00:00Z,10153.221869230036
181,2026-05-06T11:00:00Z,10086.99910627532
182,2026-05-06T12:00:00Z,10086.99910627532
183,2026-05-06T13:00:00Z,10086.99910627532
184,2026-05-06T14:00:00Z,10086.99910627532
185,2026-05-06T15:00:00Z,10086.99910627532
186,2026-05-06T16:00:00Z,10086.99910627532
187,2026-05-06T17:00:00Z,10086.99910627532
188,2026-05-06T18:00:00Z,10075.327947801881
189,2026-05-06T19:00:00Z,10085.097629745303
190,2026-05-06T20:00:00Z,10082.685931529712
191,2026-05-06T22:00:00Z,10088.630690825474
192,2026-05-06T23:00:00Z,10095.020923040038
193,2026-05-07T00:00:00Z,10079.183592719804
194,2026-05-07T01:00:00Z,10119.383683358072
195,2026-05-07T02:00:00Z,10107.78602633404
196,2026-05-07T03:00:00Z,10092.986697223861
197,2026-05-07T04:00:00Z,10068.299313655634
198,2026-05-07T05:00:00Z,10077.578455338886
199,2026-05-07T06:00:00Z,10153.364749859176
200,2026-05-07T07:00:00Z,10161.429239948697
201,2026-05-07T08:00:00Z,10137.375155928594
202,2026-05-07T09:00:00Z,10133.293130080812
203,2026-05-07T10:00:00Z,10146.395437436133
204,2026-05-07T11:00:00Z,10160.533185494305
205,2026-05-07T12:00:00Z,10141.22764771067
206,2026-05-07T13:00:00Z,10117.45642527627
207,2026-05-07T14:00:00Z,10146.384866571601
208,2026-05-07T15:00:00Z,10087.274064974852
209,2026-05-07T16:00:00Z,10073.77706570729
210,2026-05-07T17:00:00Z,10073.77706570729
211,2026-05-07T18:00:00Z,10073.77706570729
212,2026-05-07T19:00:00Z,10073.77706570729
213,2026-05-07T20:00:00Z,10073.77706570729
214,2026-05-07T22:00:00Z,10073.77706570729
215,2026-05-07T23:00:00Z,10073.77706570729
216,2026-05-08T00:00:00Z,10073.77706570729
217,2026-05-08T01:00:00Z,10073.77706570729
218,2026-05-08T02:00:00Z,10073.77706570729
219,2026-05-08T03:00:00Z,10073.77706570729
220,2026-05-08T04:00:00Z,10073.77706570729
221,2026-05-08T05:00:00Z,10073.77706570729
222,2026-05-08T06:00:00Z,10073.77706570729
223,2026-05-08T07:00:00Z,10009.025407973026
224,2026-05-08T08:00:00Z,10009.025407973026
225,2026-05-08T09:00:00Z,10009.025407973026
226,2026-05-08T10:00:00Z,10009.025407973026
227,2026-05-08T11:00:00Z,10009.025407973026
228,2026-05-08T12:00:00Z,10009.025407973026
229,2026-05-08T13:00:00Z,10031.663011338851
230,2026-05-08T14:00:00Z,9979.411788722953
231,2026-05-08T15:00:00Z,9965.124472168372
232,2026-05-08T16:00:00Z,9973.814024605897
233,2026-05-08T17:00:00Z,9987.482983496384
234,2026-05-08T18:00:00Z,9989.272966208235
235,2026-05-08T19:00:00Z,9992.527480229779
236,2026-05-08T20:00:00Z,9979.362971012632
237,2026-05-10T22:00:00Z,9907.028477340637
238,2026-05-10T23:00:00Z,9907.028477340637
239,2026-05-11T00:00:00Z,9907.028477340637
240,2026-05-11T01:00:00Z,9886.479517186812
241,2026-05-11T02:00:00Z,9893.194533162658
242,2026-05-11T03:00:00Z,9898.508451657537
243,2026-05-11T04:00:00Z,9909.785577723844
244,2026-05-11T05:00:00Z,9943.497350040238
245,2026-05-11T06:00:00Z,9898.952702078332
246,2026-05-11T07:00:00Z,9917.184055885526
247,2026-05-11T08:00:00Z,9917.594133197026
248,2026-05-11T09:00:00Z,9901.097350937443
249,2026-05-11T10:00:00Z,9873.477376717252
250,2026-05-11T11:00:00Z,9856.26220891507
251,2026-05-11T12:00:00Z,9836.448214021144
252,2026-05-11T13:00:00Z,9836.448214021144
253,2026-05-11T14:00:00Z,9836.448214021144
254,2026-05-11T15:00:00Z,9836.448214021144
255,2026-05-11T16:00:00Z,9836.448214021144
256,2026-05-11T17:00:00Z,9836.448214021144
257,2026-05-11T18:00:00Z,9836.448214021144
258,2026-05-11T19:00:00Z,9836.448214021144
259,2026-05-11T20:00:00Z,9836.448214021144
260,2026-05-11T22:00:00Z,9836.448214021144
261,2026-05-11T23:00:00Z,9836.448214021144
262,2026-05-12T00:00:00Z,9836.448214021144
263,2026-05-12T01:00:00Z,9836.448214021144
264,2026-05-12T02:00:00Z,9836.448214021144
265,2026-05-12T03:00:00Z,9836.448214021144
266,2026-05-12T04:00:00Z,9836.448214021144
267,2026-05-12T05:00:00Z,9836.448214021144
268,2026-05-12T06:00:00Z,9836.448214021144
269,2026-05-12T07:00:00Z,9836.448214021144
270,2026-05-12T08:00:00Z,9836.448214021144
271,2026-05-12T09:00:00Z,9836.448214021144
272,2026-05-12T10:00:00Z,9836.448214021144
273,2026-05-12T11:00:00Z,9836.448214021144
274,2026-05-12T12:00:00Z,9836.448214021144
275,2026-05-12T13:00:00Z,9836.448214021144
276,2026-05-12T14:00:00Z,9836.448214021144
277,2026-05-12T15:00:00Z,9836.448214021144
278,2026-05-12T16:00:00Z,9836.448214021144
279,2026-05-12T17:00:00Z,9836.448214021144
280,2026-05-12T18:00:00Z,9836.448214021144
281,2026-05-12T19:00:00Z,9836.448214021144
282,2026-05-12T20:00:00Z,9836.448214021144
283,2026-05-12T22:00:00Z,9836.448214021144
284,2026-05-12T23:00:00Z,9836.448214021144
285,2026-05-13T00:00:00Z,9836.448214021144
286,2026-05-13T01:00:00Z,9836.448214021144
287,2026-05-13T02:00:00Z,9836.448214021144
288,2026-05-13T03:00:00Z,9812.103842076569
289,2026-05-13T04:00:00Z,9805.48230231149
290,2026-05-13T05:00:00Z,9797.689122802456
291,2026-05-13T06:00:00Z,9770.576689830377
292,2026-05-13T07:00:00Z,9770.576689830377
293,2026-05-13T08:00:00Z,9770.576689830377
294,2026-05-13T09:00:00Z,9770.576689830377
295,2026-05-13T10:00:00Z,9770.576689830377
296,2026-05-13T11:00:00Z,9744.347511319136
297,2026-05-13T12:00:00Z,9772.662946306873
298,2026-05-13T13:00:00Z,9781.997247171115
299,2026-05-13T14:00:00Z,9781.142991958093
300,2026-05-13T15:00:00Z,9748.285419496238
301,2026-05-13T16:00:00Z,9709.420457286225
302,2026-05-13T17:00:00Z,9710.63152793151
303,2026-05-13T18:00:00Z,9711.88518169279
304,2026-05-13T19:00:00Z,9705.338323161646
305,2026-05-13T20:00:00Z,9704.104568666415
306,2026-05-13T22:00:00Z,9681.757692889889
307,2026-05-13T23:00:00Z,9688.603040411816
308,2026-05-14T00:00:00Z,9671.947354726195
309,2026-05-14T01:00:00Z,9704.462755455354
310,2026-05-14T02:00:00Z,9685.265787076076
311,2026-05-14T03:00:00Z,9689.000309107852
312,2026-05-14T04:00:00Z,9618.648238610947
313,2026-05-14T05:00:00Z,9618.648238610947
314,2026-05-14T06:00:00Z,9581.772675164808
315,2026-05-14T07:00:00Z,9553.256945028907
316,2026-05-14T08:00:00Z,9553.256945028907
317,2026-05-14T09:00:00Z,9553.256945028907
318,2026-05-14T10:00:00Z,9553.256945028907
319,2026-05-14T11:00:00Z,9553.256945028907
320,2026-05-14T12:00:00Z,9553.256945028907
321,2026-05-14T13:00:00Z,9553.256945028907
322,2026-05-14T14:00:00Z,9539.068252227045
323,2026-05-14T15:00:00Z,9529.98835200087
324,2026-05-14T16:00:00Z,9540.56428799025
325,2026-05-14T17:00:00Z,9541.112340695581
326,2026-05-14T18:00:00Z,9550.829167038766
327,2026-05-14T19:00:00Z,9576.661705365766
328,2026-05-14T20:00:00Z,9579.416781127708
329,2026-05-14T22:00:00Z,9564.515672436788
330,2026-05-14T23:00:00Z,9550.393054439179
331,2026-05-15T00:00:00Z,9573.479369573839
332,2026-05-15T01:00:00Z,9604.23545653236
333,2026-05-15T02:00:00Z,9596.407308947018
334,2026-05-15T03:00:00Z,9601.267438490524
335,2026-05-15T04:00:00Z,9618.70454448631
336,2026-05-15T05:00:00Z,9706.520778299126
337,2026-05-15T06:00:00Z,9685.577700991422
338,2026-05-15T07:00:00Z,9684.18644253431
339,2026-05-15T08:00:00Z,9665.61355720921
340,2026-05-15T09:00:00Z,9665.61355720921
341,2026-05-15T10:00:00Z,9665.61355720921
342,2026-05-15T11:00:00Z,9665.61355720921
343,2026-05-15T12:00:00Z,9665.61355720921
344,2026-05-15T13:00:00Z,9665.61355720921
345,2026-05-15T14:00:00Z,9665.61355720921
346,2026-05-15T15:00:00Z,9665.61355720921
347,2026-05-15T16:00:00Z,9665.61355720921
348,2026-05-15T17:00:00Z,9665.61355720921
349,2026-05-15T18:00:00Z,9665.61355720921
350,2026-05-15T19:00:00Z,9665.61355720921
351,2026-05-15T20:00:00Z,9665.61355720921
352,2026-05-17T22:00:00Z,9665.61355720921
353,2026-05-17T23:00:00Z,9665.61355720921
354,2026-05-18T00:00:00Z,9665.61355720921
355,2026-05-18T01:00:00Z,9665.61355720921
356,2026-05-18T02:00:00Z,9665.61355720921
357,2026-05-18T03:00:00Z,9665.61355720921
358,2026-05-18T04:00:00Z,9665.61355720921
359,2026-05-18T05:00:00Z,9665.61355720921
360,2026-05-18T06:00:00Z,9665.61355720921
361,2026-05-18T07:00:00Z,9665.61355720921
362,2026-05-18T08:00:00Z,9665.61355720921
363,2026-05-18T09:00:00Z,9665.61355720921
364,2026-05-18T10:00:00Z,9665.61355720921
365,2026-05-18T11:00:00Z,9665.61355720921
366,2026-05-18T12:00:00Z,9665.61355720921
367,2026-05-18T13:00:00Z,9665.61355720921
368,2026-05-18T14:00:00Z,9665.61355720921
369,2026-05-18T15:00:00Z,9665.61355720921
370,2026-05-18T16:00:00Z,9665.61355720921
371,2026-05-18T17:00:00Z,9665.61355720921
372,2026-05-18T18:00:00Z,9665.61355720921
373,2026-05-18T19:00:00Z,9603.357516920727
374,2026-05-18T20:00:00Z,9603.357516920727
375,2026-05-18T22:00:00Z,9603.357516920727
376,2026-05-18T23:00:00Z,9603.357516920727
377,2026-05-19T00:00:00Z,9603.357516920727
378,2026-05-19T01:00:00Z,9603.357516920727
379,2026-05-19T02:00:00Z,9603.357516920727
380,2026-05-19T03:00:00Z,9592.055714286507
381,2026-05-19T04:00:00Z,9596.122500686686
382,2026-05-19T05:00:00Z,9598.568926880545
383,2026-05-19T06:00:00Z,9587.035774823786
384,2026-05-19T07:00:00Z,9572.659049463773
385,2026-05-19T08:00:00Z,9595.59826650229
386,2026-05-19T09:00:00Z,9597.075653749229
387,2026-05-19T10:00:00Z,9592.548176702154
388,2026-05-19T11:00:00Z,9577.696543480051
389,2026-05-19T12:00:00Z,9577.696543480051
390,2026-05-19T13:00:00Z,9577.696543480051
391,2026-05-19T14:00:00Z,9577.696543480051
392,2026-05-19T15:00:00Z,9577.696543480051
393,2026-05-19T16:00:00Z,9577.696543480051
394,2026-05-19T17:00:00Z,9577.696543480051
395,2026-05-19T18:00:00Z,9577.696543480051
396,2026-05-19T19:00:00Z,9577.696543480051
397,2026-05-19T20:00:00Z,9577.696543480051
398,2026-05-19T22:00:00Z,9577.696543480051
399,2026-05-19T23:00:00Z,9577.696543480051
400,2026-05-20T00:00:00Z,9577.696543480051
401,2026-05-20T01:00:00Z,9577.696543480051
402,2026-05-20T02:00:00Z,9577.696543480051
403,2026-05-20T03:00:00Z,9577.696543480051
404,2026-05-20T04:00:00Z,9577.696543480051
405,2026-05-20T05:00:00Z,9545.326225262623
406,2026-05-20T06:00:00Z,9542.75534357124
407,2026-05-20T07:00:00Z,9535.791183040152
408,2026-05-20T08:00:00Z,9515.255345122045
409,2026-05-20T09:00:00Z,9515.255345122045
410,2026-05-20T10:00:00Z,9515.255345122045
411,2026-05-20T11:00:00Z,9515.255345122045
412,2026-05-20T12:00:00Z,9515.255345122045
413,2026-05-20T13:00:00Z,9515.255345122045
414,2026-05-20T14:00:00Z,9453.151053276699
415,2026-05-20T15:00:00Z,9453.151053276699
416,2026-05-20T16:00:00Z,9453.151053276699
417,2026-05-20T17:00:00Z,9453.151053276699
418,2026-05-20T18:00:00Z,9453.151053276699
419,2026-05-20T19:00:00Z,9453.151053276699
420,2026-05-20T20:00:00Z,9453.151053276699
421,2026-05-20T22:00:00Z,9453.151053276699
422,2026-05-20T23:00:00Z,9453.151053276699
423,2026-05-21T00:00:00Z,9453.151053276699
424,2026-05-21T01:00:00Z,9453.151053276699
425,2026-05-21T02:00:00Z,9453.151053276699
426,2026-05-21T03:00:00Z,9453.151053276699
427,2026-05-21T04:00:00Z,9453.151053276699
428,2026-05-21T05:00:00Z,9453.151053276699
429,2026-05-21T06:00:00Z,9453.151053276699
430,2026-05-21T07:00:00Z,9453.151053276699
431,2026-05-21T08:00:00Z,9453.151053276699
432,2026-05-21T09:00:00Z,9432.422615143549
433,2026-05-21T10:00:00Z,9389.05470925181
434,2026-05-21T11:00:00Z,9389.05470925181
435,2026-05-21T12:00:00Z,9389.05470925181
436,2026-05-21T13:00:00Z,9389.05470925181
437,2026-05-21T14:00:00Z,9389.05470925181
438,2026-05-21T15:00:00Z,9389.05470925181
439,2026-05-21T16:00:00Z,9389.05470925181
440,2026-05-21T17:00:00Z,9389.05470925181
441,2026-05-21T18:00:00Z,9344.715228391615
442,2026-05-21T19:00:00Z,9361.783846976843
443,2026-05-21T20:00:00Z,9361.921868151387
444,2026-05-21T22:00:00Z,9362.259253244714
445,2026-05-21T23:00:00Z,9350.082718512756
446,2026-05-22T00:00:00Z,9328.181901393767
447,2026-05-22T01:00:00Z,9328.181901393767
448,2026-05-22T02:00:00Z,9328.181901393767
449,2026-05-22T03:00:00Z,9328.181901393767
450,2026-05-22T04:00:00Z,9328.181901393767
451,2026-05-22T05:00:00Z,9328.181901393767
452,2026-05-22T06:00:00Z,9328.181901393767
453,2026-05-22T07:00:00Z,9300.854105648425
454,2026-05-22T08:00:00Z,9300.69985480716
455,2026-05-22T09:00:00Z,9320.752464171308
456,2026-05-22T10:00:00Z,9286.56662147647
457,2026-05-22T11:00:00Z,9298.386092188222
458,2026-05-22T12:00:00Z,9312.885671266913
459,2026-05-22T13:00:00Z,9285.101238484474
460,2026-05-22T14:00:00Z,9264.113088273381
461,2026-05-22T15:00:00Z,9201.806912795708
462,2026-05-22T16:00:00Z,9201.806912795708
463,2026-05-22T17:00:00Z,9179.087742281628
464,2026-05-22T18:00:00Z,9185.911939158188
465,2026-05-22T19:00:00Z,9197.567126892905
466,2026-05-22T20:00:00Z,9195.793511368058
467,2026-05-24T22:00:00Z,9140.515227639728
468,2026-05-24T23:00:00Z,9140.515227639728
469,2026-05-25T00:00:00Z,9140.515227639728
470,2026-05-25T01:00:00Z,9140.515227639728
471,2026-05-25T02:00:00Z,9140.515227639728
472,2026-05-25T03:00:00Z,9122.201853463595
473,2026-05-25T04:00:00Z,9130.699741174905
474,2026-05-25T05:00:00Z,9111.625226096874
475,2026-05-25T06:00:00Z,9126.708561036521
476,2026-05-25T07:00:00Z,9130.616591588689
477,2026-05-25T08:00:00Z,9116.231713173262
478,2026-05-25T09:00:00Z,9135.339488085776
479,2026-05-25T10:00:00Z,9137.019109727347
480,2026-05-25T11:00:00Z,9121.607489578173
481,2026-05-25T12:00:00Z,9099.515046292221
482,2026-05-25T13:00:00Z,9090.481292082277
483,2026-05-25T14:00:00Z,9097.80002893669
484,2026-05-25T15:00:00Z,9105.91644828205
485,2026-05-25T16:00:00Z,9111.300805095923
486,2026-05-25T17:00:00Z,9094.389936287904
487,2026-05-25T18:00:00Z,9104.520503922897
488,2026-05-25T19:00:00Z,9104.899403106096
489,2026-05-25T20:00:00Z,9083.692157074214
490,2026-05-25T22:00:00Z,9083.692157074214
491,2026-05-25T23:00:00Z,9035.70539168072
492,2026-05-26T00:00:00Z,9035.70539168072
493,2026-05-26T01:00:00Z,9035.70539168072
494,2026-05-26T02:00:00Z,9035.70539168072
495,2026-05-26T03:00:00Z,9035.70539168072
496,2026-05-26T04:00:00Z,9035.70539168072
497,2026-05-26T05:00:00Z,9035.70539168072
498,2026-05-26T06:00:00Z,9035.70539168072
499,2026-05-26T07:00:00Z,9035.70539168072
500,2026-05-26T08:00:00Z,9035.70539168072
501,2026-05-26T09:00:00Z,9035.70539168072
502,2026-05-26T10:00:00Z,9035.70539168072
503,2026-05-26T11:00:00Z,9035.70539168072
504,2026-05-26T12:00:00Z,9035.70539168072
505,2026-05-26T13:00:00Z,9031.089106999956
506,2026-05-26T14:00:00Z,9028.91154889467
507,2026-05-26T15:00:00Z,9043.228180915248
508,2026-05-26T16:00:00Z,9045.795749427452
509,2026-05-26T17:00:00Z,9068.54635649761
510,2026-05-26T18:00:00Z,9054.863491388272
511,2026-05-26T19:00:00Z,9039.116821208998
512,2026-05-26T20:00:00Z,9042.269405331577
513,2026-05-26T22:00:00Z,8976.722415479735
514,2026-05-26T23:00:00Z,8976.722415479735
515,2026-05-27T00:00:00Z,8976.722415479735
516,2026-05-27T01:00:00Z,8976.722415479735
517,2026-05-27T02:00:00Z,8965.699179203993
518,2026-05-27T03:00:00Z,8979.367481474932
519,2026-05-27T04:00:00Z,8958.746516777157
520,2026-05-27T05:00:00Z,8978.73542125431
521,2026-05-27T06:00:00Z,8998.155471532904
522,2026-05-27T07:00:00Z,9003.259357814424
523,2026-05-27T08:00:00Z,8978.213971572299
524,2026-05-27T09:00:00Z,8990.302123291684
525,2026-05-27T10:00:00Z,8975.844164469061
526,2026-05-27T11:00:00Z,8988.9279441183
527,2026-05-27T12:00:00Z,8973.151306089088
528,2026-05-27T13:00:00Z,8990.182903961533
529,2026-05-27T14:00:00Z,8980.50178517088
530,2026-05-27T15:00:00Z,8976.73690564118
531,2026-05-27T16:00:00Z,8955.283068321154
532,2026-05-27T17:00:00Z,8956.015128229707
533,2026-05-27T18:00:00Z,8950.039128976216
534,2026-05-27T19:00:00Z,8936.40175046003
535,2026-05-27T20:00:00Z,8936.40175046003
536,2026-05-27T22:00:00Z,8936.40175046003
537,2026-05-27T23:00:00Z,8936.40175046003
538,2026-05-28T00:00:00Z,8908.808494886864
539,2026-05-28T01:00:00Z,8976.979844789725
540,2026-05-28T02:00:00Z,8999.645733101377
541,2026-05-28T03:00:00Z,9027.869540386
542,2026-05-28T04:00:00Z,9030.503762399232
543,2026-05-28T05:00:00Z,9008.735246421758
544,2026-05-28T06:00:00Z,9015.262906465536
545,2026-05-28T07:00:00Z,9009.45893378803
546,2026-05-28T08:00:00Z,8996.266587072689
547,2026-05-28T09:00:00Z,8996.266587072689
548,2026-05-28T10:00:00Z,8996.266587072689
549,2026-05-28T11:00:00Z,8974.0868680813
550,2026-05-28T12:00:00Z,8937.731101549982
551,2026-05-28T13:00:00Z,8937.731101549982
552,2026-05-28T14:00:00Z,8937.731101549982
553,2026-05-28T15:00:00Z,8937.731101549982
554,2026-05-28T16:00:00Z,8937.731101549982
555,2026-05-28T17:00:00Z,8937.731101549982
556,2026-05-28T18:00:00Z,8937.731101549982
557,2026-05-28T19:00:00Z,8937.731101549982
558,2026-05-28T20:00:00Z,8937.731101549982
559,2026-05-28T22:00:00Z,8937.731101549982
560,2026-05-28T23:00:00Z,8937.731101549982
561,2026-05-29T00:00:00Z,8937.731101549982
562,2026-05-29T01:00:00Z,8937.731101549982
563,2026-05-29T02:00:00Z,8937.731101549982
564,2026-05-29T03:00:00Z,8924.233333610648
565,2026-05-29T04:00:00Z,8942.537515012698
566,2026-05-29T05:00:00Z,8943.573333030025
567,2026-05-29T06:00:00Z,8955.98895995002
568,2026-05-29T07:00:00Z,8957.351131589243
569,2026-05-29T08:00:00Z,8943.417250863029
570,2026-05-29T09:00:00Z,8966.659304457264
571,2026-05-29T10:00:00Z,8977.145188221695
572,2026-05-29T11:00:00Z,8963.627455528593
573,2026-05-29T12:00:00Z,8902.856339326248
574,2026-05-29T13:00:00Z,8902.856339326248
575,2026-05-29T14:00:00Z,8934.805847104208
576,2026-05-29T15:00:00Z,8947.002644464834
577,2026-05-29T16:00:00Z,8939.635214845264
578,2026-05-29T17:00:00Z,8915.823259304509
579,2026-05-29T18:00:00Z,8915.788008445084
580,2026-05-29T19:00:00Z,8901.775791824135
581,2026-05-29T20:00:00Z,8893.03357868704
582,2026-05-31T22:00:00Z,8883.850729807149
583,2026-05-31T23:00:00Z,8867.52845421895
584,2026-06-01T00:00:00Z,8867.52845421895
585,2026-06-01T01:00:00Z,8867.52845421895
586,2026-06-01T02:00:00Z,8867.52845421895
587,2026-06-01T03:00:00Z,8867.52845421895
588,2026-06-01T04:00:00Z,8867.52845421895
589,2026-06-01T05:00:00Z,8867.52845421895
590,2026-06-01T06:00:00Z,8867.52845421895
591,2026-06-01T07:00:00Z,8867.52845421895
592,2026-06-01T08:00:00Z,8867.52845421895
593,2026-06-01T09:00:00Z,8867.52845421895
594,2026-06-01T10:00:00Z,8867.52845421895
595,2026-06-01T11:00:00Z,8867.52845421895
596,2026-06-01T12:00:00Z,8867.52845421895
597,2026-06-01T13:00:00Z,8867.52845421895
598,2026-06-01T14:00:00Z,8867.52845421895
599,2026-06-01T15:00:00Z,8867.52845421895
600,2026-06-01T16:00:00Z,8843.271186025473
601,2026-06-01T17:00:00Z,8831.23775835729
602,2026-06-01T18:00:00Z,8832.573018379295
603,2026-06-01T19:00:00Z,8841.485476839418
604,2026-06-01T20:00:00Z,8835.726162527642
605,2026-06-01T22:00:00Z,8834.278290214626
606,2026-06-01T23:00:00Z,8836.224874102127
607,2026-06-02T00:00:00Z,8808.766428596316
608,2026-06-02T01:00:00Z,8804.729600515575
609,2026-06-02T02:00:00Z,8784.23293969966
610,2026-06-02T03:00:00Z,8761.035705330298
611,2026-06-02T04:00:00Z,8749.181089006752
612,2026-06-02T05:00:00Z,8749.181089006752
613,2026-06-02T06:00:00Z,8749.181089006752
614,2026-06-02T07:00:00Z,8749.181089006752
615,2026-06-02T08:00:00Z,8749.181089006752
616,2026-06-02T09:00:00Z,8749.181089006752
617,2026-06-02T10:00:00Z,8749.181089006752
618,2026-06-02T11:00:00Z,8749.181089006752
619,2026-06-02T12:00:00Z,8749.181089006752
620,2026-06-02T13:00:00Z,8749.181089006752
621,2026-06-02T14:00:00Z,8730.571105540337
622,2026-06-02T15:00:00Z,8734.117416434336
623,2026-06-02T16:00:00Z,8751.84897090433
624,2026-06-02T17:00:00Z,8764.4696655565
625,2026-06-02T18:00:00Z,8759.689099400375
626,2026-06-02T19:00:00Z,8758.47222801518
627,2026-06-02T20:00:00Z,8759.341421861749
628,2026-06-02T22:00:00Z,8764.417513925708
629,2026-06-02T23:00:00Z,8747.99128064994
630,2026-06-03T00:00:00Z,8747.99128064994
631,2026-06-03T01:00:00Z,8747.99128064994
632,2026-06-03T02:00:00Z,8747.99128064994
633,2026-06-03T03:00:00Z,8747.99128064994
634,2026-06-03T04:00:00Z,8747.99128064994
635,2026-06-03T05:00:00Z,8754.34233898226
636,2026-06-03T06:00:00Z,8742.566076465817
637,2026-06-03T07:00:00Z,8761.513906504753
638,2026-06-03T08:00:00Z,8779.717147565943
639,2026-06-03T09:00:00Z,8781.637403350653
640,2026-06-03T10:00:00Z,8750.38426073214
641,2026-06-03T11:00:00Z,8743.66336548565
642,2026-06-03T12:00:00Z,8747.75860486325
643,2026-06-03T13:00:00Z,8729.88849849512
644,2026-06-03T14:00:00Z,8729.88849849512
645,2026-06-03T15:00:00Z,8729.88849849512
646,2026-06-03T16:00:00Z,8716.26195870519
647,2026-06-03T17:00:00Z,8720.672438720187
648,2026-06-03T18:00:00Z,8715.951361521036
649,2026-06-03T19:00:00Z,8713.109397286022
650,2026-06-03T20:00:00Z,8727.816173955742
651,2026-06-03T22:00:00Z,8705.080460075624
652,2026-06-03T23:00:00Z,8692.283856088452
653,2026-06-04T00:00:00Z,8706.012251628086
654,2026-06-04T01:00:00Z,8691.854807543265
655,2026-06-04T02:00:00Z,8691.854807543265
656,2026-06-04T03:00:00Z,8691.854807543265
657,2026-06-04T04:00:00Z,8691.854807543265
658,2026-06-04T05:00:00Z,8691.854807543265
659,2026-06-04T06:00:00Z,8691.854807543265
660,2026-06-04T07:00:00Z,8691.854807543265
661,2026-06-04T08:00:00Z,8691.854807543265
662,2026-06-04T09:00:00Z,8691.854807543265
663,2026-06-04T10:00:00Z,8691.854807543265
664,2026-06-04T11:00:00Z,8691.854807543265
665,2026-06-04T12:00:00Z,8691.854807543265
666,2026-06-04T13:00:00Z,8691.854807543265
667,2026-06-04T14:00:00Z,8691.854807543265
668,2026-06-04T15:00:00Z,8691.854807543265
669,2026-06-04T16:00:00Z,8691.854807543265
670,2026-06-04T17:00:00Z,8691.854807543265
671,2026-06-04T18:00:00Z,8691.854807543265
672,2026-06-04T19:00:00Z,8691.854807543265
673,2026-06-04T20:00:00Z,8667.23141507928
674,2026-06-04T22:00:00Z,8657.859716218429
675,2026-06-04T23:00:00Z,8644.171661430626
676,2026-06-05T00:00:00Z,8633.372540293702
677,2026-06-05T01:00:00Z,8633.372540293702
678,2026-06-05T02:00:00Z,8633.372540293702
679,2026-06-05T03:00:00Z,8633.372540293702
680,2026-06-05T04:00:00Z,8633.372540293702
681,2026-06-05T05:00:00Z,8633.372540293702
682,2026-06-05T06:00:00Z,8633.372540293702
683,2026-06-05T07:00:00Z,8633.372540293702
684,2026-06-05T08:00:00Z,8633.372540293702
685,2026-06-05T09:00:00Z,8633.372540293702
686,2026-06-05T10:00:00Z,8619.292439229414
687,2026-06-05T11:00:00Z,8626.072575172197
688,2026-06-05T12:00:00Z,8576.540796214435
689,2026-06-05T13:00:00Z,8625.766725190604
690,2026-06-05T14:00:00Z,8620.18951575048
691,2026-06-05T15:00:00Z,8673.242914742186
692,2026-06-05T16:00:00Z,8659.121234014967
693,2026-06-05T17:00:00Z,8663.486682072555
694,2026-06-05T18:00:00Z,8693.57875640548
695,2026-06-05T19:00:00Z,8699.435603087728
696,2026-06-05T20:00:00Z,8684.739112473919
697,2026-06-07T22:00:00Z,8668.849169990108
698,2026-06-07T23:00:00Z,8668.849169990108
699,2026-06-08T00:00:00Z,8668.849169990108
700,2026-06-08T01:00:00Z,8668.849169990108
701,2026-06-08T02:00:00Z,8668.849169990108
702,2026-06-08T03:00:00Z,8668.849169990108
703,2026-06-08T04:00:00Z,8668.849169990108
704,2026-06-08T05:00:00Z,8668.849169990108
705,2026-06-08T06:00:00Z,8668.849169990108
706,2026-06-08T07:00:00Z,8668.849169990108
707,2026-06-08T08:00:00Z,8668.849169990108
708,2026-06-08T09:00:00Z,8668.849169990108
709,2026-06-08T10:00:00Z,8668.849169990108
710,2026-06-08T11:00:00Z,8668.849169990108
711,2026-06-08T12:00:00Z,8668.849169990108
712,2026-06-08T13:00:00Z,8668.849169990108
713,2026-06-08T14:00:00Z,8668.849169990108
714,2026-06-08T15:00:00Z,8668.849169990108
715,2026-06-08T16:00:00Z,8668.849169990108
716,2026-06-08T17:00:00Z,8668.849169990108
717,2026-06-08T18:00:00Z,8668.849169990108
718,2026-06-08T19:00:00Z,8668.849169990108
719,2026-06-08T20:00:00Z,8668.849169990108
720,2026-06-08T22:00:00Z,8668.849169990108
721,2026-06-08T23:00:00Z,8668.849169990108
722,2026-06-09T00:00:00Z,8650.678822918468
723,2026-06-09T01:00:00Z,8623.115206281256
724,2026-06-09T02:00:00Z,8611.258718066676
725,2026-06-09T03:00:00Z,8611.258718066676
726,2026-06-09T04:00:00Z,8611.258718066676
727,2026-06-09T05:00:00Z,8611.258718066676
728,2026-06-09T06:00:00Z,8611.258718066676
729,2026-06-09T07:00:00Z,8601.70087219545
730,2026-06-09T08:00:00Z,8601.680966255693
731,2026-06-09T09:00:00Z,8590.274862776188
732,2026-06-09T10:00:00Z,8576.778635622426
733,2026-06-09T11:00:00Z,8575.405125779345
734,2026-06-09T12:00:00Z,8572.259987298085
735,2026-06-09T13:00:00Z,8554.696176493355
736,2026-06-09T14:00:00Z,8554.696176493355
737,2026-06-09T15:00:00Z,8583.381515866511
738,2026-06-09T16:00:00Z,8613.798213382932
739,2026-06-09T17:00:00Z,8597.26286164484
740,2026-06-09T18:00:00Z,8587.213423347748
741,2026-06-09T19:00:00Z,8604.225899752764
742,2026-06-09T20:00:00Z,8603.331291002281
743,2026-06-09T22:00:00Z,8636.133611853324
744,2026-06-09T23:00:00Z,8658.737392948859
745,2026-06-10T00:00:00Z,8645.805873021953
746,2026-06-10T01:00:00Z,8645.805873021953
747,2026-06-10T02:00:00Z,8645.805873021953
748,2026-06-10T03:00:00Z,8645.805873021953
749,2026-06-10T04:00:00Z,8645.805873021953
750,2026-06-10T05:00:00Z,8645.805873021953
751,2026-06-10T06:00:00Z,8645.805873021953
752,2026-06-10T07:00:00Z,8645.805873021953
753,2026-06-10T08:00:00Z,8645.805873021953
754,2026-06-10T09:00:00Z,8645.805873021953
755,2026-06-10T10:00:00Z,8645.805873021953
756,2026-06-10T11:00:00Z,8645.805873021953
757,2026-06-10T12:00:00Z,8645.805873021953
758,2026-06-10T13:00:00Z,8645.805873021953
759,2026-06-10T14:00:00Z,8645.805873021953
760,2026-06-10T15:00:00Z,8645.805873021953
761,2026-06-10T16:00:00Z,8645.805873021953
762,2026-06-10T17:00:00Z,8645.805873021953
763,2026-06-10T18:00:00Z,8645.805873021953
764,2026-06-10T19:00:00Z,8645.805873021953
765,2026-06-10T20:00:00Z,8645.805873021953
766,2026-06-10T22:00:00Z,8645.805873021953
767,2026-06-10T23:00:00Z,8645.805873021953
768,2026-06-11T00:00:00Z,8645.805873021953
769,2026-06-11T01:00:00Z,8645.805873021953
770,2026-06-11T02:00:00Z,8645.805873021953
771,2026-06-11T03:00:00Z,8645.805873021953
772,2026-06-11T04:00:00Z,8645.805873021953
773,2026-06-11T05:00:00Z,8645.805873021953
774,2026-06-11T06:00:00Z,8645.805873021953
775,2026-06-11T07:00:00Z,8645.805873021953
776,2026-06-11T08:00:00Z,8645.805873021953
777,2026-06-11T09:00:00Z,8645.805873021953
778,2026-06-11T10:00:00Z,8645.805873021953
779,2026-06-11T11:00:00Z,8645.805873021953
780,2026-06-11T12:00:00Z,8645.805873021953
781,2026-06-11T13:00:00Z,8645.805873021953
782,2026-06-11T14:00:00Z,8645.805873021953
783,2026-06-11T15:00:00Z,8645.805873021953
784,2026-06-11T16:00:00Z,8645.805873021953
785,2026-06-11T17:00:00Z,8645.805873021953
786,2026-06-11T18:00:00Z,8645.805873021953
787,2026-06-11T19:00:00Z,8645.805873021953
788,2026-06-11T20:00:00Z,8645.805873021953
789,2026-06-11T22:00:00Z,8645.805873021953
790,2026-06-11T23:00:00Z,8645.805873021953
791,2026-06-12T00:00:00Z,8645.805873021953
792,2026-06-12T01:00:00Z,8645.805873021953
793,2026-06-12T02:00:00Z,8645.805873021953
794,2026-06-12T03:00:00Z,8645.805873021953
795,2026-06-12T04:00:00Z,8645.805873021953
796,2026-06-12T05:00:00Z,8645.805873021953
797,2026-06-12T06:00:00Z,8645.805873021953
798,2026-06-12T07:00:00Z,8645.805873021953
799,2026-06-12T08:00:00Z,8645.805873021953
800,2026-06-12T09:00:00Z,8645.805873021953
801,2026-06-12T10:00:00Z,8645.805873021953
802,2026-06-12T11:00:00Z,8645.805873021953
803,2026-06-12T12:00:00Z,8645.805873021953
804,2026-06-12T13:00:00Z,8645.805873021953
805,2026-06-12T14:00:00Z,8645.805873021953
806,2026-06-12T15:00:00Z,8645.805873021953
807,2026-06-12T16:00:00Z,8645.805873021953
808,2026-06-12T17:00:00Z,8645.805873021953
809,2026-06-12T18:00:00Z,8645.805873021953
810,2026-06-12T19:00:00Z,8645.805873021953
811,2026-06-12T20:00:00Z,8645.805873021953
812,2026-06-14T22:00:00Z,8645.805873021953
813,2026-06-14T23:00:00Z,8645.805873021953
814,2026-06-15T00:00:00Z,8645.805873021953
815,2026-06-15T01:00:00Z,8645.805873021953
816,2026-06-15T02:00:00Z,8645.805873021953
817,2026-06-15T03:00:00Z,8645.805873021953
818,2026-06-15T04:00:00Z,8645.805873021953
819,2026-06-15T05:00:00Z,8645.805873021953
820,2026-06-15T06:00:00Z,8645.805873021953
821,2026-06-15T07:00:00Z,8645.805873021953
822,2026-06-15T08:00:00Z,8645.805873021953
823,2026-06-15T09:00:00Z,8645.805873021953
824,2026-06-15T10:00:00Z,8645.805873021953
825,2026-06-15T11:00:00Z,8645.805873021953
826,2026-06-15T12:00:00Z,8645.805873021953
827,2026-06-15T13:00:00Z,8640.853920403222
828,2026-06-15T14:00:00Z,8643.901385178075
829,2026-06-15T15:00:00Z,8642.980448020839
830,2026-06-15T16:00:00Z,8614.29744165093
831,2026-06-15T17:00:00Z,8588.040854154762
832,2026-06-15T18:00:00Z,8588.040854154762
833,2026-06-15T19:00:00Z,8588.040854154762
834,2026-06-15T20:00:00Z,8588.040854154762
835,2026-06-15T22:00:00Z,8588.040854154762
836,2026-06-15T23:00:00Z,8588.040854154762
837,2026-06-16T00:00:00Z,8588.040854154762
838,2026-06-16T01:00:00Z,8588.040854154762
839,2026-06-16T02:00:00Z,8588.040854154762
840,2026-06-16T03:00:00Z,8588.040854154762
841,2026-06-16T04:00:00Z,8588.040854154762
842,2026-06-16T05:00:00Z,8588.040854154762
843,2026-06-16T06:00:00Z,8588.040854154762
844,2026-06-16T07:00:00Z,8588.040854154762
845,2026-06-16T08:00:00Z,8594.137779181423
846,2026-06-16T09:00:00Z,8590.39733453763
847,2026-06-16T10:00:00Z,8597.996968099622
848,2026-06-16T11:00:00Z,8582.085235329205
849,2026-06-16T12:00:00Z,8609.534953429413
850,2026-06-16T13:00:00Z,8563.759035645864
851,2026-06-16T14:00:00Z,8532.419509118596
852,2026-06-16T15:00:00Z,8532.419509118596
853,2026-06-16T16:00:00Z,8532.419509118596
854,2026-06-16T17:00:00Z,8532.419509118596
855,2026-06-16T18:00:00Z,8532.419509118596
856,2026-06-16T19:00:00Z,8507.08506157962
857,2026-06-16T20:00:00Z,8501.830881756137
858,2026-06-16T22:00:00Z,8509.247431615278
859,2026-06-16T23:00:00Z,8500.806601212931
860,2026-06-17T00:00:00Z,8512.604795618008
861,2026-06-17T01:00:00Z,8520.173090742806
862,2026-06-17T02:00:00Z,8502.532703609817
863,2026-06-17T03:00:00Z,8504.012219950002
864,2026-06-17T04:00:00Z,8487.026418702571
865,2026-06-17T05:00:00Z,8487.026418702571
866,2026-06-17T06:00:00Z,8487.026418702571
867,2026-06-17T07:00:00Z,8487.026418702571
868,2026-06-17T08:00:00Z,8487.026418702571
869,2026-06-17T09:00:00Z,8487.026418702571
870,2026-06-17T10:00:00Z,8487.026418702571
871,2026-06-17T11:00:00Z,8487.026418702571
872,2026-06-17T12:00:00Z,8449.123070083237
873,2026-06-17T13:00:00Z,8436.673910699963
874,2026-06-17T14:00:00Z,8436.673910699963
875,2026-06-17T15:00:00Z,8436.673910699963
876,2026-06-17T16:00:00Z,8411.80454493138
877,2026-06-17T17:00:00Z,8451.241256997624
878,2026-06-17T18:00:00Z,8377.68648640788
879,2026-06-17T19:00:00Z,8377.68648640788
880,2026-06-17T20:00:00Z,8377.68648640788
881,2026-06-17T22:00:00Z,8377.68648640788
882,2026-06-17T23:00:00Z,8377.68648640788
883,2026-06-18T00:00:00Z,8377.68648640788
884,2026-06-18T01:00:00Z,8377.68648640788
885,2026-06-18T02:00:00Z,8377.68648640788
886,2026-06-18T03:00:00Z,8377.68648640788
887,2026-06-18T04:00:00Z,8377.68648640788
888,2026-06-18T05:00:00Z,8377.68648640788
889,2026-06-18T06:00:00Z,8377.68648640788
890,2026-06-18T07:00:00Z,8377.68648640788
891,2026-06-18T08:00:00Z,8377.68648640788
892,2026-06-18T09:00:00Z,8377.68648640788
893,2026-06-18T10:00:00Z,8377.68648640788
894,2026-06-18T11:00:00Z,8377.68648640788
895,2026-06-18T12:00:00Z,8323.846643764684
896,2026-06-18T13:00:00Z,8323.846643764684
897,2026-06-18T14:00:00Z,8323.846643764684
898,2026-06-18T15:00:00Z,8323.846643764684
899,2026-06-18T16:00:00Z,8323.846643764684
900,2026-06-18T17:00:00Z,8323.846643764684
901,2026-06-18T18:00:00Z,8323.846643764684
902,2026-06-18T19:00:00Z,8323.846643764684
903,2026-06-18T20:00:00Z,8323.846643764684
904,2026-06-18T22:00:00Z,8323.846643764684
905,2026-06-18T23:00:00Z,8338.410059895288
906,2026-06-19T00:00:00Z,8335.18322438666
907,2026-06-19T01:00:00Z,8343.130539787822
908,2026-06-19T02:00:00Z,8355.107876828584
909,2026-06-19T03:00:00Z,8387.390322899624
910,2026-06-19T04:00:00Z,8426.464623622014
911,2026-06-19T05:00:00Z,8406.906336783688
912,2026-06-19T06:00:00Z,8395.506730117833
913,2026-06-19T07:00:00Z,8383.579511144824
914,2026-06-19T08:00:00Z,8352.252200567089
915,2026-06-19T09:00:00Z,8362.281377243007
916,2026-06-19T10:00:00Z,8383.186142002203
917,2026-06-19T11:00:00Z,8378.395134036
918,2026-06-19T12:00:00Z,8328.353499556204
919,2026-06-19T13:00:00Z,8328.353499556204
920,2026-06-19T14:00:00Z,8328.353499556204
921,2026-06-19T15:00:00Z,8328.353499556204
922,2026-06-19T16:00:00Z,8328.353499556204
923,2026-06-19T17:00:00Z,8328.353499556204
924,2026-06-19T18:00:00Z,8328.353499556204
925,2026-06-19T19:00:00Z,8328.353499556204
926,2026-06-19T20:00:00Z,8328.353499556204
927,2026-06-21T22:00:00Z,8328.353499556204
928,2026-06-21T23:00:00Z,8328.353499556204
929,2026-06-22T00:00:00Z,8270.625065593355
930,2026-06-22T01:00:00Z,8270.625065593355
931,2026-06-22T02:00:00Z,8270.625065593355
932,2026-06-22T03:00:00Z,8270.625065593355
933,2026-06-22T04:00:00Z,8270.625065593355
934,2026-06-22T05:00:00Z,8270.625065593355
935,2026-06-22T06:00:00Z,8270.625065593355
936,2026-06-22T07:00:00Z,8270.625065593355
937,2026-06-22T08:00:00Z,8270.625065593355
938,2026-06-22T09:00:00Z,8270.625065593355
939,2026-06-22T10:00:00Z,8270.625065593355
940,2026-06-22T11:00:00Z,8270.625065593355
941,2026-06-22T12:00:00Z,8270.625065593355
942,2026-06-22T13:00:00Z,8270.625065593355
943,2026-06-22T14:00:00Z,8270.625065593355
944,2026-06-22T15:00:00Z,8270.625065593355
945,2026-06-22T16:00:00Z,8270.625065593355
946,2026-06-22T17:00:00Z,8270.625065593355
947,2026-06-22T18:00:00Z,8270.625065593355
948,2026-06-22T19:00:00Z,8270.625065593355
949,2026-06-22T20:00:00Z,8270.625065593355
950,2026-06-22T22:00:00Z,8270.625065593355
951,2026-06-22T23:00:00Z,8270.625065593355
952,2026-06-23T00:00:00Z,8270.625065593355
953,2026-06-23T01:00:00Z,8270.625065593355
954,2026-06-23T02:00:00Z,8270.625065593355
955,2026-06-23T03:00:00Z,8270.625065593355
956,2026-06-23T04:00:00Z,8270.625065593355
957,2026-06-23T05:00:00Z,8270.625065593355
958,2026-06-23T06:00:00Z,8270.625065593355
959,2026-06-23T07:00:00Z,8270.625065593355
960,2026-06-23T08:00:00Z,8270.625065593355
961,2026-06-23T09:00:00Z,8232.81492436316
962,2026-06-23T10:00:00Z,8216.998150457337
963,2026-06-23T11:00:00Z,8216.998150457337
964,2026-06-23T12:00:00Z,8216.998150457337
965,2026-06-23T13:00:00Z,8216.998150457337
966,2026-06-23T14:00:00Z,8216.998150457337
967,2026-06-23T15:00:00Z,8216.998150457337
968,2026-06-23T16:00:00Z,8216.998150457337
969,2026-06-23T17:00:00Z,8216.998150457337
970,2026-06-23T18:00:00Z,8216.998150457337
971,2026-06-23T19:00:00Z,8213.960529743323
972,2026-06-23T20:00:00Z,8216.228249411051
973,2026-06-23T22:00:00Z,8224.667611212471
974,2026-06-23T23:00:00Z,8231.843939274904
975,2026-06-24T00:00:00Z,8234.944112997875
976,2026-06-24T01:00:00Z,8246.411885241641
977,2026-06-24T02:00:00Z,8286.728496296386
978,2026-06-24T03:00:00Z,8283.987138976538
979,2026-06-24T04:00:00Z,8271.99579941934
980,2026-06-24T05:00:00Z,8271.99579941934
981,2026-06-24T06:00:00Z,8271.99579941934
982,2026-06-24T07:00:00Z,8271.99579941934
983,2026-06-24T08:00:00Z,8271.99579941934
984,2026-06-24T09:00:00Z,8271.99579941934
985,2026-06-24T10:00:00Z,8271.99579941934
986,2026-06-24T11:00:00Z,8271.99579941934
987,2026-06-24T12:00:00Z,8271.99579941934
988,2026-06-24T13:00:00Z,8271.99579941934
989,2026-06-24T14:00:00Z,8271.99579941934
990,2026-06-24T15:00:00Z,8271.99579941934
991,2026-06-24T16:00:00Z,8271.99579941934
992,2026-06-24T17:00:00Z,8271.99579941934
993,2026-06-24T18:00:00Z,8271.99579941934
994,2026-06-24T19:00:00Z,8271.99579941934
995,2026-06-24T20:00:00Z,8271.99579941934
996,2026-06-24T22:00:00Z,8271.99579941934
997,2026-06-24T23:00:00Z,8271.99579941934
998,2026-06-25T00:00:00Z,8271.99579941934
999,2026-06-25T01:00:00Z,8271.99579941934
1000,2026-06-25T02:00:00Z,8271.99579941934
1001,2026-06-25T03:00:00Z,8271.99579941934
1002,2026-06-25T04:00:00Z,8271.99579941934
1003,2026-06-25T05:00:00Z,8271.99579941934
1004,2026-06-25T06:00:00Z,8271.99579941934
1005,2026-06-25T07:00:00Z,8271.99579941934
1006,2026-06-25T08:00:00Z,8271.99579941934
1007,2026-06-25T09:00:00Z,8271.99579941934
1008,2026-06-25T10:00:00Z,8271.99579941934
1009,2026-06-25T11:00:00Z,8271.99579941934
1010,2026-06-25T12:00:00Z,8271.99579941934
1011,2026-06-25T13:00:00Z,8271.99579941934
1012,2026-06-25T14:00:00Z,8271.99579941934
1013,2026-06-25T15:00:00Z,8271.99579941934
1014,2026-06-25T16:00:00Z,8271.99579941934
1015,2026-06-25T17:00:00Z,8271.99579941934
1016,2026-06-25T18:00:00Z,8271.99579941934
1017,2026-06-25T19:00:00Z,8271.99579941934
1018,2026-06-25T20:00:00Z,8271.99579941934
1019,2026-06-25T22:00:00Z,8271.99579941934
1020,2026-06-25T23:00:00Z,8271.99579941934
1021,2026-06-26T00:00:00Z,8271.99579941934
1022,2026-06-26T01:00:00Z,8271.99579941934
1023,2026-06-26T02:00:00Z,8271.99579941934
1024,2026-06-26T03:00:00Z,8271.99579941934
1025,2026-06-26T04:00:00Z,8271.99579941934
1026,2026-06-26T05:00:00Z,8271.99579941934
1027,2026-06-26T06:00:00Z,8271.99579941934
1028,2026-06-26T07:00:00Z,8271.99579941934
1029,2026-06-26T08:00:00Z,8260.253795256996
1030,2026-06-26T09:00:00Z,8284.584464601252
1031,2026-06-26T10:00:00Z,8296.17553502799
1032,2026-06-26T11:00:00Z,8282.589651959364
1033,2026-06-26T12:00:00Z,8302.386656208419
1034,2026-06-26T13:00:00Z,8324.20869753333
1035,2026-06-26T14:00:00Z,8335.044157110866
1036,2026-06-26T15:00:00Z,8350.443506217573
1037,2026-06-26T16:00:00Z,8337.822078127041
1038,2026-06-26T17:00:00Z,8337.822078127041
1039,2026-06-26T18:00:00Z,8314.850418370108
1040,2026-06-26T19:00:00Z,8320.87238807407
1041,2026-06-26T20:00:00Z,8347.011546107824
1042,2026-06-28T22:00:00Z,8313.092179040483
1043,2026-06-28T23:00:00Z,8307.94932900133
1044,2026-06-29T00:00:00Z,8284.222323348964
1045,2026-06-29T01:00:00Z,8284.222323348964
1046,2026-06-29T02:00:00Z,8284.222323348964
1047,2026-06-29T03:00:00Z,8284.222323348964
1048,2026-06-29T04:00:00Z,8284.222323348964
1049,2026-06-29T05:00:00Z,8284.222323348964
1050,2026-06-29T06:00:00Z,8284.222323348964
1051,2026-06-29T07:00:00Z,8284.222323348964
1052,2026-06-29T08:00:00Z,8284.222323348964
1053,2026-06-29T09:00:00Z,8284.222323348964
1054,2026-06-29T10:00:00Z,8284.222323348964
1055,2026-06-29T11:00:00Z,8284.222323348964
1056,2026-06-29T12:00:00Z,8284.222323348964
1057,2026-06-29T13:00:00Z,8284.222323348964
1058,2026-06-29T14:00:00Z,8284.222323348964
1059,2026-06-29T15:00:00Z,8284.222323348964
1060,2026-06-29T16:00:00Z,8284.222323348964
1061,2026-06-29T17:00:00Z,8284.222323348964
1062,2026-06-29T18:00:00Z,8284.222323348964
1063,2026-06-29T19:00:00Z,8284.222323348964
1064,2026-06-29T20:00:00Z,8270.358514939107
1065,2026-06-29T22:00:00Z,8274.190793243244
1066,2026-06-29T23:00:00Z,8273.025141925737
1067,2026-06-30T00:00:00Z,8317.399731122412
1068,2026-06-30T01:00:00Z,8345.551008831566
1069,2026-06-30T02:00:00Z,8355.89816025274
1070,2026-06-30T03:00:00Z,8344.704714039402
1071,2026-06-30T04:00:00Z,8319.539419842222
1072,2026-06-30T05:00:00Z,8306.445721793301
1073,2026-06-30T06:00:00Z,8252.489491371693
1074,2026-06-30T07:00:00Z,8252.489491371693
1075,2026-06-30T08:00:00Z,8252.489491371693
1076,2026-06-30T09:00:00Z,8252.489491371693
1077,2026-06-30T10:00:00Z,8252.489491371693
1078,2026-06-30T11:00:00Z,8252.489491371693
1079,2026-06-30T12:00:00Z,8252.489491371693
1080,2026-06-30T13:00:00Z,8252.489491371693
1081,2026-06-30T14:00:00Z,8252.489491371693
1082,2026-06-30T15:00:00Z,8252.489491371693
1083,2026-06-30T16:00:00Z,8252.489491371693
1084,2026-06-30T17:00:00Z,8252.489491371693
1085,2026-06-30T18:00:00Z,8252.489491371693
1086,2026-06-30T19:00:00Z,8252.489491371693
1087,2026-06-30T20:00:00Z,8252.489491371693
1088,2026-06-30T22:00:00Z,8236.159833992324
1089,2026-06-30T23:00:00Z,8248.469713514456
1090,2026-07-01T00:00:00Z,8263.701719962713
1091,2026-07-01T01:00:00Z,8295.156569000848
1092,2026-07-01T02:00:00Z,8292.822226226528
1093,2026-07-01T03:00:00Z,8290.823760110385
1094,2026-07-01T04:00:00Z,8297.558087106803
1095,2026-07-01T05:00:00Z,8301.638988503635
1096,2026-07-01T06:00:00Z,8287.906639576991
1097,2026-07-01T07:00:00Z,8261.869262120237
1098,2026-07-01T08:00:00Z,8264.584982941973
1099,2026-07-01T09:00:00Z,8244.258857099292
1100,2026-07-01T10:00:00Z,8231.10991463961
1101,2026-07-01T11:00:00Z,8231.10991463961
1102,2026-07-01T12:00:00Z,8231.10991463961
1103,2026-07-01T13:00:00Z,8231.10991463961
1104,2026-07-01T14:00:00Z,8231.10991463961
1105,2026-07-01T15:00:00Z,8231.10991463961
1106,2026-07-01T16:00:00Z,8231.10991463961
1107,2026-07-01T17:00:00Z,8231.10991463961
1108,2026-07-01T18:00:00Z,8231.10991463961
1109,2026-07-01T19:00:00Z,8231.10991463961
1110,2026-07-01T20:00:00Z,8231.10991463961
1111,2026-07-01T22:00:00Z,8231.10991463961
1112,2026-07-01T23:00:00Z,8231.10991463961
1113,2026-07-02T00:00:00Z,8231.10991463961
1114,2026-07-02T01:00:00Z,8231.10991463961
1115,2026-07-02T02:00:00Z,8231.10991463961
1116,2026-07-02T03:00:00Z,8231.10991463961
1117,2026-07-02T04:00:00Z,8231.10991463961
1118,2026-07-02T05:00:00Z,8226.385614202012
1119,2026-07-02T06:00:00Z,8237.447091107282
1120,2026-07-02T07:00:00Z,8224.227645310533
1121,2026-07-02T08:00:00Z,8241.491396442361
1122,2026-07-02T09:00:00Z,8225.314175102047
1123,2026-07-02T10:00:00Z,8226.928879097768
1124,2026-07-02T11:00:00Z,8225.208540261205
1125,2026-07-02T12:00:00Z,8304.012131529043
1126,2026-07-02T13:00:00Z,8291.222381554315
1127,2026-07-02T14:00:00Z,8291.222381554315
1128,2026-07-02T15:00:00Z,8291.222381554315
1129,2026-07-02T16:00:00Z,8291.222381554315
1130,2026-07-02T17:00:00Z,8291.222381554315
1131,2026-07-02T18:00:00Z,8291.222381554315
1132,2026-07-02T19:00:00Z,8291.222381554315
1133,2026-07-02T20:00:00Z,8291.222381554315
1134,2026-07-02T22:00:00Z,8291.222381554315
1135,2026-07-02T23:00:00Z,8291.222381554315
1136,2026-07-03T00:00:00Z,8291.222381554315
1137,2026-07-03T01:00:00Z,8291.222381554315
1138,2026-07-03T02:00:00Z,8291.222381554315
1139,2026-07-03T03:00:00Z,8291.222381554315
1140,2026-07-03T04:00:00Z,8291.222381554315
1141,2026-07-03T05:00:00Z,8266.619503686139
1142,2026-07-03T06:00:00Z,8269.23927598574
1143,2026-07-03T07:00:00Z,8276.114285373129
1144,2026-07-03T08:00:00Z,8281.247827624948
1145,2026-07-03T09:00:00Z,8267.755243122383
1146,2026-07-03T10:00:00Z,8275.432841711383
1147,2026-07-03T11:00:00Z,8281.35382997233
1148,2026-07-03T12:00:00Z,8275.008832321853
1149,2026-07-03T13:00:00Z,8262.025394644726
1150,2026-07-03T14:00:00Z,8262.025394644726
1151,2026-07-03T15:00:00Z,8262.025394644726
1152,2026-07-03T16:00:00Z,8262.025394644726
1153,2026-07-03T17:00:00Z,8262.025394644726
1154,2026-07-03T18:00:00Z,8262.025394644726
1155,2026-07-03T19:00:00Z,8262.025394644726
1156,2026-07-03T20:00:00Z,8262.025394644726
1157,2026-07-05T22:00:00Z,8262.025394644726
1158,2026-07-05T23:00:00Z,8216.117365856368
1159,2026-07-06T00:00:00Z,8167.273775254551
1160,2026-07-06T01:00:00Z,8163.353585591915
1161,2026-07-06T02:00:00Z,8140.025681295306
1162,2026-07-06T03:00:00Z,8117.541109139661
1163,2026-07-06T04:00:00Z,8117.541109139661
1164,2026-07-06T05:00:00Z,8117.541109139661
1165,2026-07-06T06:00:00Z,8117.541109139661
1166,2026-07-06T07:00:00Z,8117.541109139661
1167,2026-07-06T08:00:00Z,8117.541109139661
1168,2026-07-06T09:00:00Z,8117.541109139661
1169,2026-07-06T10:00:00Z,8117.541109139661
1170,2026-07-06T11:00:00Z,8117.541109139661
1171,2026-07-06T12:00:00Z,8117.541109139661
1172,2026-07-06T13:00:00Z,8117.541109139661
1173,2026-07-06T14:00:00Z,8117.541109139661
1174,2026-07-06T15:00:00Z,8117.541109139661
1175,2026-07-06T16:00:00Z,8117.541109139661
1176,2026-07-06T17:00:00Z,8117.541109139661
1177,2026-07-06T18:00:00Z,8107.22943534339
1178,2026-07-06T19:00:00Z,8107.018687869069
1179,2026-07-06T20:00:00Z,8109.21397405992
1180,2026-07-06T22:00:00Z,8107.475307396766
1181,2026-07-06T23:00:00Z,8095.866634019549
1182,2026-07-07T00:00:00Z,8075.810499379937
1183,2026-07-07T01:00:00Z,8062.36307251641
1184,2026-07-07T02:00:00Z,8055.92452599809
1185,2026-07-07T03:00:00Z,8066.544838518787
1186,2026-07-07T04:00:00Z,8075.158009407134
1187,2026-07-07T05:00:00Z,8080.82867168883
1188,2026-07-07T06:00:00Z,8068.220704347743
1189,2026-07-07T07:00:00Z,8078.860503680406
1190,2026-07-07T08:00:00Z,8076.541573056619
1191,2026-07-07T09:00:00Z,8066.349970399143
1192,2026-07-07T10:00:00Z,8049.900029765115
1193,2026-07-07T11:00:00Z,8049.900029765115
1194,2026-07-07T12:00:00Z,8049.900029765115
1195,2026-07-07T13:00:00Z,8049.900029765115
1196,2026-07-07T14:00:00Z,8049.900029765115
1197,2026-07-07T15:00:00Z,8049.900029765115
1198,2026-07-07T16:00:00Z,8049.900029765115
1199,2026-07-07T17:00:00Z,8049.900029765115
1200,2026-07-07T18:00:00Z,8049.900029765115
1201,2026-07-07T19:00:00Z,8056.673168967875
1202,2026-07-07T20:00:00Z,8070.820844538525
1203,2026-07-07T22:00:00Z,8083.690014350116
1204,2026-07-07T23:00:00Z,8083.017116582189
1205,2026-07-08T00:00:00Z,8061.080649347792
1206,2026-07-08T01:00:00Z,8062.106818443881
1207,2026-07-08T02:00:00Z,8055.9498038673555
1208,2026-07-08T03:00:00Z,8041.179697861373
1209,2026-07-08T04:00:00Z,8027.140345154711
1210,2026-07-08T05:00:00Z,8027.140345154711
1211,2026-07-08T06:00:00Z,8027.140345154711
1212,2026-07-08T07:00:00Z,8027.140345154711
1213,2026-07-08T08:00:00Z,8027.140345154711
1214,2026-07-08T09:00:00Z,8027.140345154711
1215,2026-07-08T10:00:00Z,8027.140345154711
1216,2026-07-08T11:00:00Z,8027.140345154711
1217,2026-07-08T12:00:00Z,8027.140345154711
1218,2026-07-08T13:00:00Z,8027.140345154711
1219,2026-07-08T14:00:00Z,8027.140345154711
1220,2026-07-08T15:00:00Z,8027.140345154711
1221,2026-07-08T16:00:00Z,8027.140345154711
1222,2026-07-08T17:00:00Z,8027.140345154711
1223,2026-07-08T18:00:00Z,8027.140345154711
1224,2026-07-08T19:00:00Z,8027.140345154711
1225,2026-07-08T20:00:00Z,8027.140345154711
1226,2026-07-08T22:00:00Z,8027.140345154711
1227,2026-07-08T23:00:00Z,8027.140345154711
1228,2026-07-09T00:00:00Z,8027.140345154711
1229,2026-07-09T01:00:00Z,8027.140345154711
1230,2026-07-09T02:00:00Z,8027.140345154711
1231,2026-07-09T03:00:00Z,8027.140345154711
1232,2026-07-09T04:00:00Z,8014.768747139866
1233,2026-07-09T05:00:00Z,7989.400319809433
1234,2026-07-09T06:00:00Z,7975.227899531582
1235,2026-07-09T07:00:00Z,7975.227899531582
1236,2026-07-09T08:00:00Z,7975.227899531582
1237,2026-07-09T09:00:00Z,7975.227899531582
1238,2026-07-09T10:00:00Z,7975.227899531582
1239,2026-07-09T11:00:00Z,7975.227899531582
1240,2026-07-09T12:00:00Z,7975.227899531582
1241,2026-07-09T13:00:00Z,7975.227899531582
1242,2026-07-09T14:00:00Z,7975.227899531582
1243,2026-07-09T15:00:00Z,7975.227899531582
1244,2026-07-09T16:00:00Z,7975.227899531582
1245,2026-07-09T17:00:00Z,7975.227899531582
1246,2026-07-09T18:00:00Z,7939.771593176064
1247,2026-07-09T19:00:00Z,7936.022006319506
1248,2026-07-09T20:00:00Z,7938.3456939489215
1249,2026-07-09T22:00:00Z,7934.543296009877
1250,2026-07-09T23:00:00Z,7937.5535277116205
1251,2026-07-10T00:00:00Z,7920.8144359351745
1252,2026-07-10T01:00:00Z,7868.923001680493
1253,2026-07-10T02:00:00Z,7868.923001680493
1254,2026-07-10T03:00:00Z,7838.120750366747
1255,2026-07-10T04:00:00Z,7816.124735388196
1256,2026-07-10T05:00:00Z,7816.124735388196
1257,2026-07-10T06:00:00Z,7816.124735388196
1258,2026-07-10T07:00:00Z,7816.124735388196
1259,2026-07-10T08:00:00Z,7816.124735388196
1260,2026-07-10T09:00:00Z,7816.124735388196
1261,2026-07-10T10:00:00Z,7816.124735388196
1262,2026-07-10T11:00:00Z,7816.124735388196
1263,2026-07-10T12:00:00Z,7816.124735388196
1264,2026-07-10T13:00:00Z,7816.124735388196
1265,2026-07-10T14:00:00Z,7816.124735388196
1266,2026-07-10T15:00:00Z,7816.124735388196
1267,2026-07-10T16:00:00Z,7786.865887163793
1268,2026-07-10T17:00:00Z,7780.428775635283
1269,2026-07-10T18:00:00Z,7781.372885326132
1270,2026-07-10T19:00:00Z,7793.749305091612
1271,2026-07-10T20:00:00Z,7812.6829958008
1272,2026-07-12T22:00:00Z,7762.948401434246
1273,2026-07-12T23:00:00Z,7762.948401434246
1274,2026-07-13T00:00:00Z,7762.948401434246
1275,2026-07-13T01:00:00Z,7753.851109825366
1276,2026-07-13T02:00:00Z,7758.763489890283
1277,2026-07-13T03:00:00Z,7769.81976591383
1278,2026-07-13T04:00:00Z,7772.022811012582
1279,2026-07-13T05:00:00Z,7779.275071275552
1280,2026-07-13T06:00:00Z,7776.729938428548
1281,2026-07-13T07:00:00Z,7763.935856643874
1282,2026-07-13T08:00:00Z,7750.758636581156
1283,2026-07-13T09:00:00Z,7739.294538089712
1284,2026-07-13T10:00:00Z,7739.294538089712
1285,2026-07-13T11:00:00Z,7739.294538089712
1286,2026-07-13T12:00:00Z,7739.294538089712
1287,2026-07-13T13:00:00Z,7739.294538089712
1288,2026-07-13T14:00:00Z,7767.120346960331
1289,2026-07-13T15:00:00Z,7766.212357290676
1290,2026-07-13T16:00:00Z,7798.261555161808
1291,2026-07-13T17:00:00Z,7798.5453019335755
1292,2026-07-13T18:00:00Z,7786.8407475981685
1293,2026-07-13T19:00:00Z,7785.989507282866
1294,2026-07-13T20:00:00Z,7787.4933651732335
1295,2026-07-13T22:00:00Z,7787.777111945001
1296,2026-07-13T23:00:00Z,7776.029278225241
1297,2026-07-14T00:00:00Z,7776.029278225241
1298,2026-07-14T01:00:00Z,7776.029278225241
1299,2026-07-14T02:00:00Z,7776.029278225241
1300,2026-07-14T03:00:00Z,7776.029278225241
1301,2026-07-14T04:00:00Z,7776.029278225241
1302,2026-07-14T05:00:00Z,7776.029278225241
1303,2026-07-14T06:00:00Z,7776.029278225241
1304,2026-07-14T07:00:00Z,7776.029278225241
1305,2026-07-14T08:00:00Z,7776.029278225241
1306,2026-07-14T09:00:00Z,7776.029278225241
1307,2026-07-14T10:00:00Z,7776.029278225241
1308,2026-07-14T11:00:00Z,7776.029278225241
1309,2026-07-14T12:00:00Z,7776.029278225241
1310,2026-07-14T13:00:00Z,7776.029278225241
1311,2026-07-14T14:00:00Z,7776.029278225241
1312,2026-07-14T15:00:00Z,7776.029278225241
1313,2026-07-14T16:00:00Z,7776.029278225241
1314,2026-07-14T17:00:00Z,7776.029278225241
1315,2026-07-14T18:00:00Z,7776.029278225241
1316,2026-07-14T19:00:00Z,7776.029278225241
1317,2026-07-14T20:00:00Z,7776.029278225241
1318,2026-07-14T22:00:00Z,7776.029278225241
1319,2026-07-14T23:00:00Z,7776.029278225241
1320,2026-07-15T00:00:00Z,7776.029278225241
1321,2026-07-15T01:00:00Z,7725.7381956901745
1322,2026-07-15T02:00:00Z,7725.7381956901745
1323,2026-07-15T03:00:00Z,7725.7381956901745
1324,2026-07-15T04:00:00Z,7725.7381956901745
1325,2026-07-15T05:00:00Z,7725.7381956901745
1326,2026-07-15T06:00:00Z,7725.7381956901745
1327,2026-07-15T07:00:00Z,7725.7381956901745
1328,2026-07-15T08:00:00Z,7725.7381956901745
1329,2026-07-15T09:00:00Z,7725.7381956901745
1330,2026-07-15T10:00:00Z,7725.7381956901745
1331,2026-07-15T11:00:00Z,7725.7381956901745
1332,2026-07-15T12:00:00Z,7725.7381956901745
1333,2026-07-15T13:00:00Z,7699.897758329546
1334,2026-07-15T14:00:00Z,7697.642975494081
1335,2026-07-15T15:00:00Z,7672.689391271259
1336,2026-07-15T16:00:00Z,7620.772392181359
1337,2026-07-15T17:00:00Z,7620.772392181359
1338,2026-07-15T18:00:00Z,7620.772392181359
1339,2026-07-15T19:00:00Z,7620.772392181359
1340,2026-07-15T20:00:00Z,7620.772392181359
1341,2026-07-15T22:00:00Z,7602.20287843122
1342,2026-07-15T23:00:00Z,7599.617864910077
1343,2026-07-16T00:00:00Z,7581.396329383329
1344,2026-07-16T01:00:00Z,7571.275004090433
1345,2026-07-16T02:00:00Z,7571.275004090433
1346,2026-07-16T03:00:00Z,7571.275004090433
1347,2026-07-16T04:00:00Z,7571.275004090433
1348,2026-07-16T05:00:00Z,7571.275004090433
1349,2026-07-16T06:00:00Z,7571.275004090433
1350,2026-07-16T07:00:00Z,7571.275004090433
1351,2026-07-16T08:00:00Z,7571.275004090433
1352,2026-07-16T09:00:00Z,7571.275004090433
1353,2026-07-16T10:00:00Z,7571.275004090433
1354,2026-07-16T11:00:00Z,7571.275004090433
1355,2026-07-16T12:00:00Z,7571.275004090433
1356,2026-07-16T13:00:00Z,7571.275004090433
1357,2026-07-16T14:00:00Z,7571.275004090433
1358,2026-07-16T15:00:00Z,7571.275004090433
1359,2026-07-16T16:00:00Z,7571.275004090433
1360,2026-07-16T17:00:00Z,7571.275004090433
1361,2026-07-16T18:00:00Z,7571.275004090433
1362,2026-07-16T19:00:00Z,7571.275004090433
1363,2026-07-16T20:00:00Z,7571.275004090433
1364,2026-07-16T22:00:00Z,7571.275004090433
1365,2026-07-16T23:00:00Z,7571.275004090433
1366,2026-07-17T00:00:00Z,7571.275004090433
1367,2026-07-17T01:00:00Z,7571.275004090433
1368,2026-07-17T02:00:00Z,7571.275004090433
1369,2026-07-17T03:00:00Z,7571.275004090433
1370,2026-07-17T04:00:00Z,7571.275004090433
1371,2026-07-17T05:00:00Z,7571.275004090433
1372,2026-07-17T06:00:00Z,7571.275004090433
1373,2026-07-17T07:00:00Z,7571.275004090433
1374,2026-07-17T08:00:00Z,7571.275004090433
1375,2026-07-17T09:00:00Z,7571.275004090433
1376,2026-07-17T10:00:00Z,7571.275004090433
1377,2026-07-17T11:00:00Z,7571.275004090433
1378,2026-07-17T12:00:00Z,7571.275004090433
1379,2026-07-17T13:00:00Z,7571.275004090433
1380,2026-07-17T14:00:00Z,7571.275004090433
1381,2026-07-17T15:00:00Z,7571.275004090433
1382,2026-07-17T16:00:00Z,7571.275004090433
1383,2026-07-17T17:00:00Z,7571.275004090433
1384,2026-07-17T18:00:00Z,7571.275004090433
1385,2026-07-17T19:00:00Z,7571.275004090433
1386,2026-07-17T20:00:00Z,7571.275004090433
1387,2026-07-19T22:00:00Z,7571.275004090433
1388,2026-07-19T23:00:00Z,7571.275004090433
1389,2026-07-20T00:00:00Z,7571.275004090433
1390,2026-07-20T01:00:00Z,7571.275004090433
1391,2026-07-20T02:00:00Z,7571.275004090433
1392,2026-07-20T03:00:00Z,7571.275004090433
1393,2026-07-20T04:00:00Z,7571.275004090433
1394,2026-07-20T05:00:00Z,7571.275004090433
1395,2026-07-20T06:00:00Z,7571.275004090433
1396,2026-07-20T07:00:00Z,7571.275004090433
1397,2026-07-20T08:00:00Z,7571.275004090433
1398,2026-07-20T09:00:00Z,7571.275004090433
1399,2026-07-20T10:00:00Z,7571.275004090433
1400,2026-07-20T11:00:00Z,7571.275004090433
1401,2026-07-20T12:00:00Z,7571.275004090433
1402,2026-07-20T13:00:00Z,7571.275004090433
1403,2026-07-20T14:00:00Z,7571.275004090433
1404,2026-07-20T15:00:00Z,7571.275004090433
1405,2026-07-20T16:00:00Z,7571.275004090433
1406,2026-07-20T17:00:00Z,7571.275004090433
1407,2026-07-20T18:00:00Z,7571.275004090433
1408,2026-07-20T19:00:00Z,7571.275004090433
1409,2026-07-20T20:00:00Z,7571.275004090433
1410,2026-07-20T22:00:00Z,7571.275004090433
1411,2026-07-20T23:00:00Z,7571.275004090433
1412,2026-07-21T00:00:00Z,7571.275004090433
1413,2026-07-21T01:00:00Z,7571.275004090433
1414,2026-07-21T02:00:00Z,7571.275004090433
1415,2026-07-21T03:00:00Z,7571.275004090433
1416,2026-07-21T04:00:00Z,7571.275004090433
1417,2026-07-21T05:00:00Z,7571.275004090433
1418,2026-07-21T06:00:00Z,7571.275004090433
1419,2026-07-21T07:00:00Z,7571.275004090433
1420,2026-07-21T08:00:00Z,7571.275004090433
1421,2026-07-21T09:00:00Z,7571.275004090433
1422,2026-07-21T10:00:00Z,7571.275004090433
1423,2026-07-21T11:00:00Z,7571.275004090433
1424,2026-07-21T12:00:00Z,7571.275004090433
1425,2026-07-21T13:00:00Z,7571.275004090433
1426,2026-07-21T14:00:00Z,7571.275004090433
1427,2026-07-21T15:00:00Z,7571.275004090433
1428,2026-07-21T16:00:00Z,7571.275004090433
1429,2026-07-21T17:00:00Z,7571.275004090433
1430,2026-07-21T18:00:00Z,7571.275004090433
1431,2026-07-21T19:00:00Z,7571.275004090433
1432,2026-07-21T20:00:00Z,7571.275004090433
1433,2026-07-21T22:00:00Z,7571.275004090433
1434,2026-07-21T23:00:00Z,7571.275004090433
1435,2026-07-22T00:00:00Z,7571.275004090433
1436,2026-07-22T01:00:00Z,7571.275004090433
1437,2026-07-22T02:00:00Z,7571.275004090433
1438,2026-07-22T03:00:00Z,7571.275004090433
1439,2026-07-22T04:00:00Z,7571.275004090433
1440,2026-07-22T05:00:00Z,7571.275004090433
1441,2026-07-22T06:00:00Z,7571.275004090433
1442,2026-07-22T07:00:00Z,7571.275004090433
1443,2026-07-22T08:00:00Z,7571.275004090433
1444,2026-07-22T09:00:00Z,7571.275004090433
1445,2026-07-22T10:00:00Z,7571.275004090433
1446,2026-07-22T11:00:00Z,7571.275004090433
1447,2026-07-22T12:00:00Z,7571.275004090433
1448,2026-07-22T13:00:00Z,7571.275004090433
1449,2026-07-22T14:00:00Z,7571.275004090433
1450,2026-07-22T15:00:00Z,7571.275004090433
1451,2026-07-22T16:00:00Z,7571.275004090433
1452,2026-07-22T17:00:00Z,7571.275004090433
1453,2026-07-22T18:00:00Z,7571.275004090433
1454,2026-07-22T19:00:00Z,7571.275004090433
1455,2026-07-22T20:00:00Z,7571.275004090433
1456,2026-07-22T22:00:00Z,7571.275004090433
1457,2026-07-22T23:00:00Z,7571.275004090433
1458,2026-07-23T00:00:00Z,7571.275004090433
1459,2026-07-23T01:00:00Z,7571.275004090433
1460,2026-07-23T02:00:00Z,7571.275004090433
1461,2026-07-23T03:00:00Z,7571.275004090433
1462,2026-07-23T04:00:00Z,7571.275004090433
1463,2026-07-23T05:00:00Z,7571.275004090433
1464,2026-07-23T06:00:00Z,7571.275004090433
1465,2026-07-23T07:00:00Z,7571.275004090433
1466,2026-07-23T08:00:00Z,7571.275004090433
1467,2026-07-23T09:00:00Z,7571.275004090433
1468,2026-07-23T10:00:00Z,7571.275004090433
1469,2026-07-23T11:00:00Z,7571.275004090433
1470,2026-07-23T12:00:00Z,7571.275004090433
1471,2026-07-23T13:00:00Z,7571.275004090433
1472,2026-07-23T14:00:00Z,7571.275004090433
1473,2026-07-23T15:00:00Z,7571.275004090433
1474,2026-07-23T16:00:00Z,7571.275004090433
1475,2026-07-23T17:00:00Z,7571.275004090433
1476,2026-07-23T18:00:00Z,7571.275004090433
1477,2026-07-23T19:00:00Z,7571.275004090433
1478,2026-07-23T20:00:00Z,7571.275004090433
1479,2026-07-23T22:00:00Z,7571.275004090433
1480,2026-07-23T23:00:00Z,7571.275004090433
1481,2026-07-24T00:00:00Z,7571.275004090433
1482,2026-07-24T01:00:00Z,7571.275004090433
1483,2026-07-24T02:00:00Z,7571.275004090433
1484,2026-07-24T03:00:00Z,7571.275004090433
1485,2026-07-24T04:00:00Z,7571.275004090433
1486,2026-07-24T05:00:00Z,7571.275004090433
1487,2026-07-24T06:00:00Z,7571.275004090433
1488,2026-07-24T07:00:00Z,7571.275004090433
1489,2026-07-24T08:00:00Z,7571.275004090433
1490,2026-07-24T09:00:00Z,7571.275004090433
1491,2026-07-24T10:00:00Z,7571.275004090433
1492,2026-07-24T11:00:00Z,7571.275004090433
1493,2026-07-24T12:00:00Z,7571.275004090433
1494,2026-07-24T13:00:00Z,7571.275004090433
1495,2026-07-24T14:00:00Z,7571.275004090433
1496,2026-07-24T15:00:00Z,7571.275004090433
1497,2026-07-24T16:00:00Z,7571.275004090433
1498,2026-07-24T17:00:00Z,7571.275004090433
1499,2026-07-24T18:00:00Z,7571.275004090433
1500,2026-07-24T19:00:00Z,7571.275004090433
1501,2026-07-24T20:00:00Z,7571.275004090433
1502,2026-07-26T22:00:00Z,7571.275004090433
1503,2026-07-26T23:00:00Z,7571.275004090433
1504,2026-07-27T00:00:00Z,7571.275004090433
1505,2026-07-27T01:00:00Z,7571.275004090433
1506,2026-07-27T02:00:00Z,7571.275004090433
1507,2026-07-27T03:00:00Z,7571.275004090433
1508,2026-07-27T04:00:00Z,7571.275004090433
1509,2026-07-27T05:00:00Z,7571.275004090433
1510,2026-07-27T06:00:00Z,7571.275004090433
1511,2026-07-27T07:00:00Z,7571.275004090433
1512,2026-07-27T08:00:00Z,7571.275004090433
1513,2026-07-27T09:00:00Z,7571.275004090433
1514,2026-07-27T10:00:00Z,7571.275004090433
1515,2026-07-27T11:00:00Z,7571.275004090433
1516,2026-07-27T12:00:00Z,7571.275004090433
1517,2026-07-27T13:00:00Z,7571.275004090433
1518,2026-07-27T14:00:00Z,7571.275004090433
1519,2026-07-27T15:00:00Z,7571.275004090433
1520,2026-07-27T16:00:00Z,7571.275004090433
1521,2026-07-27T17:00:00Z,7571.275004090433
1522,2026-07-27T18:00:00Z,7571.275004090433
1523,2026-07-27T19:00:00Z,7571.275004090433
1524,2026-07-27T20:00:00Z,7571.275004090433
1525,2026-07-27T22:00:00Z,7571.275004090433
1526,2026-07-27T23:00:00Z,7571.275004090433
1527,2026-07-28T00:00:00Z,7571.275004090433
1528,2026-07-28T01:00:00Z,7571.275004090433
1529,2026-07-28T02:00:00Z,7571.275004090433
1530,2026-07-28T03:00:00Z,7571.275004090433
1531,2026-07-28T04:00:00Z,7571.275004090433
1532,2026-07-28T05:00:00Z,7571.275004090433
1533,2026-07-28T06:00:00Z,7571.275004090433
1534,2026-07-28T07:00:00Z,7571.275004090433
1535,2026-07-28T08:00:00Z,7571.275004090433
1536,2026-07-28T09:00:00Z,7571.275004090433
1537,2026-07-28T10:00:00Z,7571.275004090433
1538,2026-07-28T11:00:00Z,7571.275004090433
1539,2026-07-28T12:00:00Z,7571.275004090433
1540,2026-07-28T13:00:00Z,7571.275004090433
1541,2026-07-28T14:00:00Z,7571.275004090433
1542,2026-07-28T15:00:00Z,7571.275004090433
1543,2026-07-28T16:00:00Z,7571.275004090433
1544,2026-07-28T17:00:00Z,7571.275004090433
1545,2026-07-28T18:00:00Z,7571.275004090433
1546,2026-07-28T19:00:00Z,7571.275004090433
1547,2026-07-28T20:00:00Z,7571.275004090433
1548,2026-07-28T22:00:00Z,7571.275004090433
1549,2026-07-28T23:00:00Z,7571.275004090433
1550,2026-07-29T00:00:00Z,7571.275004090433
1551,2026-07-29T01:00:00Z,7571.275004090433
1552,2026-07-29T02:00:00Z,7571.275004090433
1553,2026-07-29T03:00:00Z,7571.275004090433
1554,2026-07-29T04:00:00Z,7571.275004090433
1555,2026-07-29T05:00:00Z,7571.275004090433
1556,2026-07-29T06:00:00Z,7571.275004090433
1557,2026-07-29T07:00:00Z,7571.275004090433
1558,2026-07-29T08:00:00Z,7571.275004090433
1559,2026-07-29T09:00:00Z,7571.275004090433
1560,2026-07-29T10:00:00Z,7571.275004090433
1561,2026-07-29T11:00:00Z,7571.275004090433
1562,2026-07-29T12:00:00Z,7571.275004090433
1563,2026-07-29T13:00:00Z,7571.275004090433
1564,2026-07-29T14:00:00Z,7571.275004090433
1565,2026-07-29T15:00:00Z,7571.275004090433
1566,2026-07-29T16:00:00Z,7571.275004090433
1567,2026-07-29T17:00:00Z,7571.275004090433
1568,2026-07-29T18:00:00Z,7571.275004090433
1569,2026-07-29T19:00:00Z,7571.275004090433
1570,2026-07-29T20:00:00Z,7571.275004090433
1571,2026-07-29T22:00:00Z,7571.275004090433
1572,2026-07-29T23:00:00Z,7571.275004090433
1573,2026-07-30T00:00:00Z,7571.275004090433
1574,2026-07-30T01:00:00Z,7571.275004090433
1575,2026-07-30T02:00:00Z,7571.275004090433
1576,2026-07-30T03:00:00Z,7571.275004090433
1577,2026-07-30T04:00:00Z,7571.275004090433
1578,2026-07-30T05:00:00Z,7571.275004090433
1579,2026-07-30T06:00:00Z,7571.275004090433
1580,2026-07-30T07:00:00Z,7571.275004090433
1581,2026-07-30T08:00:00Z,7571.275004090433
1582,2026-07-30T09:00:00Z,7571.275004090433
1583,2026-07-30T10:00:00Z,7571.275004090433
1584,2026-07-30T11:00:00Z,7571.275004090433
1585,2026-07-30T12:00:00Z,7571.275004090433
1586,2026-07-30T13:00:00Z,7571.275004090433
1587,2026-07-30T14:00:00Z,7571.275004090433
1588,2026-07-30T15:00:00Z,7571.275004090433
1589,2026-07-30T16:00:00Z,7571.275004090433
1590,2026-07-30T17:00:00Z,7571.275004090433
1591,2026-07-30T18:00:00Z,7571.275004090433
1592,2026-07-30T19:00:00Z,7571.275004090433
1593,2026-07-30T20:00:00Z,7571.275004090433
1594,2026-07-30T22:00:00Z,7571.275004090433
1595,2026-07-30T23:00:00Z,7571.275004090433
1596,2026-07-31T00:00:00Z,7571.275004090433
1597,2026-07-31T01:00:00Z,7571.275004090433
1598,2026-07-31T02:00:00Z,7571.275004090433
1599,2026-07-31T03:00:00Z,7571.275004090433
1600,2026-07-31T04:00:00Z,7571.275004090433
1601,2026-07-31T05:00:00Z,7571.275004090433
1602,2026-07-31T06:00:00Z,7571.275004090433
1603,2026-07-31T07:00:00Z,7571.275004090433
1604,2026-07-31T08:00:00Z,7571.275004090433
1605,2026-07-31T09:00:00Z,7571.275004090433
1606,2026-07-31T10:00:00Z,7571.275004090433
1607,2026-07-31T11:00:00Z,7571.275004090433
1608,2026-07-31T12:00:00Z,7571.275004090433
1609,2026-07-31T13:00:00Z,7571.275004090433
1610,2026-07-31T14:00:00Z,7571.275004090433
1611,2026-07-31T15:00:00Z,7571.275004090433
1612,2026-07-31T16:00:00Z,7571.275004090433
1613,2026-07-31T17:00:00Z,7571.275004090433
1614,2026-07-31T18:00:00Z,7571.275004090433
1615,2026-07-31T19:00:00Z,7571.275004090433
1616,2026-07-31T20:00:00Z,7571.275004090433
1617,2026-08-02T22:00:00Z,7571.275004090433
1618,2026-08-02T23:00:00Z,7571.275004090433
1619,2026-08-03T00:00:00Z,7571.275004090433
1620,2026-08-03T01:00:00Z,7571.275004090433
1621,2026-08-03T02:00:00Z,7571.275004090433
1622,2026-08-03T03:00:00Z,7571.275004090433
1623,2026-08-03T04:00:00Z,7571.275004090433
1624,2026-08-03T05:00:00Z,7571.275004090433
1625,2026-08-03T06:00:00Z,7571.275004090433
1626,2026-08-03T07:00:00Z,7571.275004090433
1627,2026-08-03T08:00:00Z,7571.275004090433
1628,2026-08-03T09:00:00Z,7571.275004090433
1629,2026-08-03T10:00:00Z,7571.275004090433
1630,2026-08-03T11:00:00Z,7571.275004090433
1631,2026-08-03T12:00:00Z,7571.275004090433
1632,2026-08-03T13:00:00Z,7571.275004090433
1633,2026-08-03T14:00:00Z,7571.275004090433
1634,2026-08-03T15:00:00Z,7571.275004090433
1635,2026-08-03T16:00:00Z,7571.275004090433
1636,2026-08-03T17:00:00Z,7571.275004090433
1637,2026-08-03T18:00:00Z,7571.275004090433
1638,2026-08-03T19:00:00Z,7571.275004090433
1639,2026-08-03T20:00:00Z,7571.275004090433
1640,2026-08-03T22:00:00Z,7571.275004090433
1641,2026-08-03T23:00:00Z,7571.275004090433
1642,2026-08-04T00:00:00Z,7571.275004090433
1643,2026-08-04T01:00:00Z,7571.275004090433
1644,2026-08-04T02:00:00Z,7571.275004090433
1645,2026-08-04T03:00:00Z,7571.275004090433
1646,2026-08-04T04:00:00Z,7571.275004090433
1647,2026-08-04T05:00:00Z,7571.275004090433
1648,2026-08-04T06:00:00Z,7571.275004090433
1649,2026-08-04T07:00:00Z,7571.275004090433
1650,2026-08-04T08:00:00Z,7571.275004090433
1651,2026-08-04T09:00:00Z,7571.275004090433
1652,2026-08-04T10:00:00Z,7571.275004090433
1653,2026-08-04T11:00:00Z,7571.275004090433
1654,2026-08-04T12:00:00Z,7571.275004090433
1655,2026-08-04T13:00:00Z,7571.275004090433
1656,2026-08-04T14:00:00Z,7571.275004090433
1657,2026-08-04T15:00:00Z,7571.275004090433
1658,2026-08-04T16:00:00Z,7571.275004090433
1659,2026-08-04T17:00:00Z,7571.275004090433
1660,2026-08-04T18:00:00Z,7571.275004090433
1661,2026-08-04T19:00:00Z,7571.275004090433
1662,2026-08-04T20:00:00Z,7571.275004090433
1663,2026-08-04T22:00:00Z,7571.275004090433
1664,2026-08-04T23:00:00Z,7571.275004090433
1665,2026-08-05T00:00:00Z,7571.275004090433
1666,2026-08-05T01:00:00Z,7571.275004090433
1667,2026-08-05T02:00:00Z,7571.275004090433
1668,2026-08-05T03:00:00Z,7571.275004090433
1669,2026-08-05T04:00:00Z,7571.275004090433
1670,2026-08-05T05:00:00Z,7571.275004090433
1671,2026-08-05T06:00:00Z,7571.275004090433
1672,2026-08-05T07:00:00Z,7571.275004090433
1673,2026-08-05T08:00:00Z,7571.275004090433
1674,2026-08-05T09:00:00Z,7571.275004090433
1675,2026-08-05T10:00:00Z,7571.275004090433
1676,2026-08-05T11:00:00Z,7571.275004090433
1677,2026-08-05T12:00:00Z,7571.275004090433
1678,2026-08-05T13:00:00Z,7571.275004090433
1679,2026-08-05T14:00:00Z,7571.275004090433
1680,2026-08-05T15:00:00Z,7571.275004090433
1681,2026-08-05T16:00:00Z,7571.275004090433
1682,2026-08-05T17:00:00Z,7571.275004090433
1683,2026-08-05T18:00:00Z,7571.275004090433
1684,2026-08-05T19:00:00Z,7571.275004090433
1685,2026-08-05T20:00:00Z,7571.275004090433
1686,2026-08-05T22:00:00Z,7571.275004090433
1687,2026-08-05T23:00:00Z,7571.275004090433
1688,2026-08-06T00:00:00Z,7571.275004090433
1689,2026-08-06T01:00:00Z,7571.275004090433
1690,2026-08-06T02:00:00Z,7571.275004090433
1691,2026-08-06T03:00:00Z,7571.275004090433
1692,2026-08-06T04:00:00Z,7571.275004090433
1693,2026-08-06T05:00:00Z,7571.275004090433
1694,2026-08-06T06:00:00Z,7571.275004090433
1695,2026-08-06T07:00:00Z,7571.275004090433
1696,2026-08-06T08:00:00Z,7571.275004090433
1697,2026-08-06T09:00:00Z,7571.275004090433
1698,2026-08-06T10:00:00Z,7571.275004090433
1699,2026-08-06T11:00:00Z,7571.275004090433
1700,2026-08-06T12:00:00Z,7571.275004090433
1701,2026-08-06T13:00:00Z,7571.275004090433
1702,2026-08-06T14:00:00Z,7571.275004090433
1703,2026-08-06T15:00:00Z,7571.275004090433
1704,2026-08-06T16:00:00Z,7571.275004090433
1705,2026-08-06T17:00:00Z,7571.275004090433
1706,2026-08-06T18:00:00Z,7571.275004090433
1707,2026-08-06T19:00:00Z,7571.275004090433
1708,2026-08-06T20:00:00Z,7571.275004090433
1709,2026-08-06T22:00:00Z,7571.275004090433
1710,2026-08-06T23:00:00Z,7571.275004090433
1711,2026-08-07T00:00:00Z,7571.275004090433
1712,2026-08-07T01:00:00Z,7571.275004090433
1713,2026-08-07T02:00:00Z,7571.275004090433
1714,2026-08-07T03:00:00Z,7571.275004090433
1715,2026-08-07T04:00:00Z,7571.275004090433
1716,2026-08-07T05:00:00Z,7571.275004090433
1717,2026-08-07T06:00:00Z,7571.275004090433
1718,2026-08-07T07:00:00Z,7571.275004090433
1719,2026-08-07T08:00:00Z,7571.275004090433
1720,2026-08-07T09:00:00Z,7571.275004090433
1721,2026-08-07T10:00:00Z,7571.275004090433
1722,2026-08-07T11:00:00Z,7571.275004090433
1723,2026-08-07T12:00:00Z,7571.275004090433
1724,2026-08-07T13:00:00Z,7571.275004090433
1725,2026-08-07T14:00:00Z,7571.275004090433
1726,2026-08-07T15:00:00Z,7571.275004090433
1727,2026-08-07T16:00:00Z,7571.275004090433
1728,2026-08-07T17:00:00Z,7571.275004090433
1729,2026-08-07T18:00:00Z,7571.275004090433
1730,2026-08-07T19:00:00Z,7571.275004090433
1731,2026-08-07T20:00:00Z,7571.275004090433
1732,2026-08-09T22:00:00Z,7571.275004090433
1733,2026-08-09T23:00:00Z,7571.275004090433
1734,2026-08-10T00:00:00Z,7571.275004090433
1735,2026-08-10T01:00:00Z,7571.275004090433
1736,2026-08-10T02:00:00Z,7571.275004090433
1737,2026-08-10T03:00:00Z,7571.275004090433
1738,2026-08-10T04:00:00Z,7571.275004090433
1739,2026-08-10T05:00:00Z,7571.275004090433
1740,2026-08-10T06:00:00Z,7571.275004090433
1741,2026-08-10T07:00:00Z,7571.275004090433
1742,2026-08-10T08:00:00Z,7571.275004090433
1743,2026-08-10T09:00:00Z,7571.275004090433
1744,2026-08-10T10:00:00Z,7571.275004090433
1745,2026-08-10T11:00:00Z,7571.275004090433
1746,2026-08-10T12:00:00Z,7571.275004090433
1747,2026-08-10T13:00:00Z,7571.275004090433
1748,2026-08-10T14:00:00Z,7571.275004090433
1749,2026-08-10T15:00:00Z,7571.275004090433
1750,2026-08-10T16:00:00Z,7571.275004090433
1751,2026-08-10T17:00:00Z,7571.275004090433
1752,2026-08-10T18:00:00Z,7571.275004090433
1753,2026-08-10T19:00:00Z,7571.275004090433
1754,2026-08-10T20:00:00Z,7571.275004090433
1755,2026-08-10T22:00:00Z,7571.275004090433
1756,2026-08-10T23:00:00Z,7571.275004090433
1757,2026-08-11T00:00:00Z,7571.275004090433
1758,2026-08-11T01:00:00Z,7571.275004090433
1759,2026-08-11T02:00:00Z,7571.275004090433
1760,2026-08-11T03:00:00Z,7571.275004090433
1761,2026-08-11T04:00:00Z,7571.275004090433
1762,2026-08-11T05:00:00Z,7571.275004090433
1763,2026-08-11T06:00:00Z,7571.275004090433
1764,2026-08-11T07:00:00Z,7571.275004090433
1765,2026-08-11T08:00:00Z,7571.275004090433
1766,2026-08-11T09:00:00Z,7571.275004090433
1767,2026-08-11T10:00:00Z,7571.275004090433
1768,2026-08-11T11:00:00Z,7571.275004090433
1769,2026-08-11T12:00:00Z,7571.275004090433
1770,2026-08-11T13:00:00Z,7571.275004090433
1771,2026-08-11T14:00:00Z,7571.275004090433
1772,2026-08-11T15:00:00Z,7571.275004090433
1773,2026-08-11T16:00:00Z,7571.275004090433
1774,2026-08-11T17:00:00Z,7571.275004090433
1775,2026-08-11T18:00:00Z,7571.275004090433
1776,2026-08-11T19:00:00Z,7571.275004090433
1777,2026-08-11T20:00:00Z,7571.275004090433
1778,2026-08-11T22:00:00Z,7571.275004090433
1779,2026-08-11T23:00:00Z,7571.275004090433
1780,2026-08-12T00:00:00Z,7571.275004090433
1781,2026-08-12T01:00:00Z,7571.275004090433
1782,2026-08-12T02:00:00Z,7571.275004090433
1783,2026-08-12T03:00:00Z,7571.275004090433
1784,2026-08-12T04:00:00Z,7571.275004090433
1785,2026-08-12T05:00:00Z,7571.275004090433
1786,2026-08-12T06:00:00Z,7571.275004090433
1787,2026-08-12T07:00:00Z,7571.275004090433
1788,2026-08-12T08:00:00Z,7571.275004090433
1789,2026-08-12T09:00:00Z,7571.275004090433
1790,2026-08-12T10:00:00Z,7571.275004090433
1791,2026-08-12T11:00:00Z,7571.275004090433
1792,2026-08-12T12:00:00Z,7571.275004090433
1793,2026-08-12T13:00:00Z,7571.275004090433
1794,2026-08-12T14:00:00Z,7571.275004090433
1795,2026-08-12T15:00:00Z,7571.275004090433
1796,2026-08-12T16:00:00Z,7571.275004090433
1797,2026-08-12T17:00:00Z,7571.275004090433
1798,2026-08-12T18:00:00Z,7571.275004090433
1799,2026-08-12T19:00:00Z,7571.275004090433
1800,2026-08-12T20:00:00Z,7571.275004090433
1801,2026-08-12T22:00:00Z,7571.275004090433
1802,2026-08-12T23:00:00Z,7571.275004090433
1803,2026-08-13T00:00:00Z,7571.275004090433
1804,2026-08-13T01:00:00Z,7571.275004090433
1805,2026-08-13T02:00:00Z,7571.275004090433
1806,2026-08-13T03:00:00Z,7571.275004090433
1807,2026-08-13T04:00:00Z,7571.275004090433
1808,2026-08-13T05:00:00Z,7571.275004090433
1809,2026-08-13T06:00:00Z,7571.275004090433
1810,2026-08-13T07:00:00Z,7571.275004090433
1811,2026-08-13T08:00:00Z,7571.275004090433
1812,2026-08-13T09:00:00Z,7571.275004090433
1813,2026-08-13T10:00:00Z,7571.275004090433
1814,2026-08-13T11:00:00Z,7571.275004090433
1815,2026-08-13T12:00:00Z,7571.275004090433
1816,2026-08-13T13:00:00Z,7571.275004090433
1817,2026-08-13T14:00:00Z,7571.275004090433
1818,2026-08-13T15:00:00Z,7571.275004090433
1819,2026-08-13T16:00:00Z,7571.275004090433
1820,2026-08-13T17:00:00Z,7571.275004090433
1821,2026-08-13T18:00:00Z,7571.275004090433
1822,2026-08-13T19:00:00Z,7571.275004090433
1823,2026-08-13T20:00:00Z,7571.275004090433
1824,2026-08-13T22:00:00Z,7571.275004090433
1825,2026-08-13T23:00:00Z,7571.275004090433
1826,2026-08-14T00:00:00Z,7571.275004090433
1827,2026-08-14T01:00:00Z,7571.275004090433
1828,2026-08-14T02:00:00Z,7571.275004090433
1829,2026-08-14T03:00:00Z,7571.275004090433
1830,2026-08-14T04:00:00Z,7571.275004090433
1831,2026-08-14T05:00:00Z,7571.275004090433
1832,2026-08-14T06:00:00Z,7571.275004090433
1833,2026-08-14T07:00:00Z,7571.275004090433
1834,2026-08-14T08:00:00Z,7571.275004090433
1835,2026-08-14T09:00:00Z,7571.275004090433
1836,2026-08-14T10:00:00Z,7571.275004090433
1837,2026-08-14T11:00:00Z,7571.275004090433
1838,2026-08-14T12:00:00Z,7571.275004090433
1839,2026-08-14T13:00:00Z,7571.275004090433
1840,2026-08-14T14:00:00Z,7571.275004090433
1841,2026-08-14T15:00:00Z,7571.275004090433
1842,2026-08-14T16:00:00Z,7571.275004090433
1843,2026-08-14T17:00:00Z,7571.275004090433
1844,2026-08-14T18:00:00Z,7571.275004090433
1845,2026-08-14T19:00:00Z,7571.275004090433
1846,2026-08-14T20:00:00Z,7571.275004090433
1847,2026-08-16T22:00:00Z,7571.275004090433
1848,2026-08-16T23:00:00Z,7571.275004090433
1849,2026-08-17T00:00:00Z,7571.275004090433
1850,2026-08-17T01:00:00Z,7571.275004090433
1851,2026-08-17T02:00:00Z,7571.275004090433
1852,2026-08-17T03:00:00Z,7571.275004090433
1853,2026-08-17T04:00:00Z,7571.275004090433
1854,2026-08-17T05:00:00Z,7571.275004090433
1855,2026-08-17T06:00:00Z,7571.275004090433
1856,2026-08-17T07:00:00Z,7571.275004090433
1857,2026-08-17T08:00:00Z,7571.275004090433
1858,2026-08-17T09:00:00Z,7571.275004090433
1859,2026-08-17T10:00:00Z,7571.275004090433
1860,2026-08-17T11:00:00Z,7571.275004090433
1861,2026-08-17T12:00:00Z,7571.275004090433
1862,2026-08-17T13:00:00Z,7571.275004090433
1863,2026-08-17T14:00:00Z,7571.275004090433
1864,2026-08-17T15:00:00Z,7571.275004090433
1865,2026-08-17T16:00:00Z,7571.275004090433
1866,2026-08-17T17:00:00Z,7571.275004090433
1867,2026-08-17T18:00:00Z,7571.275004090433
1868,2026-08-17T19:00:00Z,7571.275004090433
1869,2026-08-17T20:00:00Z,7571.275004090433
1870,2026-08-17T22:00:00Z,7571.275004090433
1871,2026-08-17T23:00:00Z,7571.275004090433
1872,2026-08-18T00:00:00Z,7571.275004090433
1873,2026-08-18T01:00:00Z,7571.275004090433
1874,2026-08-18T02:00:00Z,7571.275004090433
1875,2026-08-18T03:00:00Z,7571.275004090433
1876,2026-08-18T04:00:00Z,7571.275004090433
1877,2026-08-18T05:00:00Z,7571.275004090433
1878,2026-08-18T06:00:00Z,7571.275004090433
1879,2026-08-18T07:00:00Z,7571.275004090433
1880,2026-08-18T08:00:00Z,7571.275004090433
1881,2026-08-18T09:00:00Z,7571.275004090433
1882,2026-08-18T10:00:00Z,7571.275004090433
1883,2026-08-18T11:00:00Z,7571.275004090433
1884,2026-08-18T12:00:00Z,7571.275004090433
1885,2026-08-18T13:00:00Z,7571.275004090433
1886,2026-08-18T14:00:00Z,7571.275004090433
1887,2026-08-18T15:00:00Z,7571.275004090433
1888,2026-08-18T16:00:00Z,7571.275004090433
1889,2026-08-18T17:00:00Z,7571.275004090433
1890,2026-08-18T18:00:00Z,7571.275004090433
1891,2026-08-18T19:00:00Z,7571.275004090433
1892,2026-08-18T20:00:00Z,7571.275004090433
1893,2026-08-18T22:00:00Z,7571.275004090433
1894,2026-08-18T23:00:00Z,7571.275004090433
1895,2026-08-19T00:00:00Z,7571.275004090433
1896,2026-08-19T01:00:00Z,7571.275004090433
1897,2026-08-19T02:00:00Z,7571.275004090433
1898,2026-08-19T03:00:00Z,7571.275004090433
1899,2026-08-19T04:00:00Z,7571.275004090433
1900,2026-08-19T05:00:00Z,7571.275004090433
1901,2026-08-19T06:00:00Z,7571.275004090433
1902,2026-08-19T07:00:00Z,7571.275004090433
1903,2026-08-19T08:00:00Z,7571.275004090433
1904,2026-08-19T09:00:00Z,7571.275004090433
1905,2026-08-19T10:00:00Z,7571.275004090433
1906,2026-08-19T11:00:00Z,7571.275004090433
1907,2026-08-19T12:00:00Z,7571.275004090433
1908,2026-08-19T13:00:00Z,7571.275004090433
1909,2026-08-19T14:00:00Z,7571.275004090433
1910,2026-08-19T15:00:00Z,7571.275004090433
1911,2026-08-19T16:00:00Z,7571.275004090433
1912,2026-08-19T17:00:00Z,7571.275004090433
1913,2026-08-19T18:00:00Z,7571.275004090433
1914,2026-08-19T19:00:00Z,7571.275004090433
1915,2026-08-19T20:00:00Z,7571.275004090433
1916,2026-08-19T22:00:00Z,7571.275004090433
1917,2026-08-19T23:00:00Z,7571.275004090433
1918,2026-08-20T00:00:00Z,7571.275004090433
1919,2026-08-20T01:00:00Z,7571.275004090433
1920,2026-08-20T02:00:00Z,7571.275004090433
1921,2026-08-20T03:00:00Z,7571.275004090433
1922,2026-08-20T04:00:00Z,7571.275004090433
1923,2026-08-20T05:00:00Z,7571.275004090433
1924,2026-08-20T06:00:00Z,7571.275004090433
1925,2026-08-20T07:00:00Z,7571.275004090433
1926,2026-08-20T08:00:00Z,7571.275004090433
1927,2026-08-20T09:00:00Z,7571.275004090433
1928,2026-08-20T10:00:00Z,7571.275004090433
1929,2026-08-20T11:00:00Z,7571.275004090433
1930,2026-08-20T12:00:00Z,7571.275004090433
1931,2026-08-20T13:00:00Z,7571.275004090433
1932,2026-08-20T14:00:00Z,7571.275004090433
1933,2026-08-20T15:00:00Z,7571.275004090433
1934,2026-08-20T16:00:00Z,7571.275004090433
1935,2026-08-20T17:00:00Z,7571.275004090433
1936,2026-08-20T18:00:00Z,7571.275004090433
1937,2026-08-20T19:00:00Z,7571.275004090433
1938,2026-08-20T20:00:00Z,7571.275004090433
1939,2026-08-20T22:00:00Z,7571.275004090433
1940,2026-08-20T23:00:00Z,7571.275004090433
1941,2026-08-21T00:00:00Z,7571.275004090433
1942,2026-08-21T01:00:00Z,7571.275004090433
1943,2026-08-21T02:00:00Z,7571.275004090433
1944,2026-08-21T03:00:00Z,7571.275004090433
1945,2026-08-21T04:00:00Z,7571.275004090433
1946,2026-08-21T05:00:00Z,7571.275004090433
1947,2026-08-21T06:00:00Z,7571.275004090433
1948,2026-08-21T07:00:00Z,7571.275004090433
1949,2026-08-21T08:00:00Z,7571.275004090433
1950,2026-08-21T09:00:00Z,7571.275004090433
1951,2026-08-21T10:00:00Z,7571.275004090433
1952,2026-08-21T11:00:00Z,7571.275004090433
1953,2026-08-21T12:00:00Z,7571.275004090433
1954,2026-08-21T13:00:00Z,7571.275004090433
1955,2026-08-21T14:00:00Z,7571.275004090433
1956,2026-08-21T15:00:00Z,7571.275004090433
1957,2026-08-21T16:00:00Z,7571.275004090433
1958,2026-08-21T17:00:00Z,7571.275004090433
1959,2026-08-21T18:00:00Z,7571.275004090433
1960,2026-08-21T19:00:00Z,7571.275004090433
1961,2026-08-21T20:00:00Z,7571.275004090433
1962,2026-08-23T22:00:00Z,7571.275004090433
1963,2026-08-23T23:00:00Z,7571.275004090433
1964,2026-08-24T00:00:00Z,7571.275004090433
1965,2026-08-24T01:00:00Z,7571.275004090433
1966,2026-08-24T02:00:00Z,7571.275004090433
1967,2026-08-24T03:00:00Z,7571.275004090433
1968,2026-08-24T04:00:00Z,7571.275004090433
1969,2026-08-24T05:00:00Z,7571.275004090433
1970,2026-08-24T06:00:00Z,7571.275004090433
1971,2026-08-24T07:00:00Z,7571.275004090433
1972,2026-08-24T08:00:00Z,7571.275004090433
1973,2026-08-24T09:00:00Z,7571.275004090433
1974,2026-08-24T10:00:00Z,7571.275004090433
1975,2026-08-24T11:00:00Z,7571.275004090433
1976,2026-08-24T12:00:00Z,7571.275004090433
1977,2026-08-24T13:00:00Z,7571.275004090433
1978,2026-08-24T14:00:00Z,7571.275004090433
1979,2026-08-24T15:00:00Z,7571.275004090433
1980,2026-08-24T16:00:00Z,7571.275004090433
1981,2026-08-24T17:00:00Z,7571.275004090433
1982,2026-08-24T18:00:00Z,7571.275004090433
1983,2026-08-24T19:00:00Z,7571.275004090433
1984,2026-08-24T20:00:00Z,7571.275004090433
1985,2026-08-24T22:00:00Z,7571.275004090433
1986,2026-08-24T23:00:00Z,7571.275004090433
1987,2026-08-25T00:00:00Z,7571.275004090433
1988,2026-08-25T01:00:00Z,7571.275004090433
1989,2026-08-25T02:00:00Z,7571.275004090433
1990,2026-08-25T03:00:00Z,7571.275004090433
1991,2026-08-25T04:00:00Z,7571.275004090433
1992,2026-08-25T05:00:00Z,7571.275004090433
1993,2026-08-25T06:00:00Z,7571.275004090433
1994,2026-08-25T07:00:00Z,7571.275004090433
1995,2026-08-25T08:00:00Z,7571.275004090433
1996,2026-08-25T09:00:00Z,7571.275004090433
1997,2026-08-25T10:00:00Z,7571.275004090433
1998,2026-08-25T11:00:00Z,7571.275004090433
1999,2026-08-25T12:00:00Z,7571.275004090433
