bar_index,timestamp_utc,equity
0,2018-12-12T00:00:00Z,10000.0
1,2018-12-13T00:00:00Z,10000.0
2,2018-12-14T00:00:00Z,10000.0
3,2018-12-17T00:00:00Z,10000.0
4,2018-12-18T00:00:00Z,10000.0
5,2018-12-19T00:00:00Z,10000.0
6,2018-12-20T00:00:00Z,10000.0
7,2018-12-21T00:00:00Z,10000.0
8,2018-12-24T00:00:00Z,10000.0
9,2018-12-26T00:00:00Z,10000.0
10,2018-12-27T00:00:00Z,10000.0
11,2018-12-28T00:00:00Z,10000.0
12,2018-12-31T00:00:00Z,10000.0
13,2019-01-01T00:00:00Z,10000.0
14,2019-01-02T00:00:00Z,10000.0
15,2019-01-03T00:00:00Z,10000.0
16,2019-01-04T00:00:00Z,10000.0
17,2019-01-06T00:00:00Z,10000.0
18,2019-01-07T00:00:00Z,10000.0
19,2019-01-08T00:00:00Z,10000.0
20,2019-01-09T00:00:00Z,10000.0
21,2019-01-10T00:00:00Z,10000.0
22,2019-01-11T00:00:00Z,10000.0
23,2019-01-14T00:00:00Z,10000.0
24,2019-01-15T00:00:00Z,10000.0
25,2019-01-16T00:00:00Z,10000.0
26,2019-01-17T00:00:00Z,10000.0
27,2019-01-18T00:00:00Z,10000.0
28,2019-01-20T00:00:00Z,10000.0
29,2019-01-21T00:00:00Z,10000.0
30,2019-01-22T00:00:00Z,10000.0
31,2019-01-23T00:00:00Z,10000.0
32,2019-01-24T00:00:00Z,10000.0
33,2019-01-25T00:00:00Z,10000.0
34,2019-01-27T00:00:00Z,10000.0
35,2019-01-28T00:00:00Z,10000.0
36,2019-01-29T00:00:00Z,10000.0
37,2019-01-30T00:00:00Z,10000.0
38,2019-01-31T00:00:00Z,10000.0
39,2019-02-01T00:00:00Z,10000.0
40,2019-02-03T00:00:00Z,10000.0
41,2019-02-04T00:00:00Z,10000.0
42,2019-02-05T00:00:00Z,10000.0
43,2019-02-06T00:00:00Z,10000.0
44,2019-02-07T00:00:00Z,10000.0
45,2019-02-08T00:00:00Z,10000.0
46,2019-02-10T00:00:00Z,10000.0
47,2019-02-11T00:00:00Z,10000.0
48,2019-02-12T00:00:00Z,10000.0
49,2019-02-13T00:00:00Z,10000.0
50,2019-02-14T00:00:00Z,10000.0
51,2019-02-15T00:00:00Z,10000.0
52,2019-02-17T00:00:00Z,10000.0
53,2019-02-18T00:00:00Z,10000.0
54,2019-02-19T00:00:00Z,10000.0
55,2019-02-20T00:00:00Z,10000.0
56,2019-02-21T00:00:00Z,10000.0
57,2019-02-22T00:00:00Z,10000.0
58,2019-02-24T00:00:00Z,10000.0
59,2019-02-25T00:00:00Z,10000.0
60,2019-02-26T00:00:00Z,10000.0
61,2019-02-27T00:00:00Z,10000.0
62,2019-02-28T00:00:00Z,10000.0
63,2019-03-01T00:00:00Z,10000.0
64,2019-03-03T00:00:00Z,10000.0
65,2019-03-04T00:00:00Z,10000.0
66,2019-03-05T00:00:00Z,10000.0
67,2019-03-06T00:00:00Z,10000.0
68,2019-03-07T00:00:00Z,10000.0
69,2019-03-08T00:00:00Z,10000.0
70,2019-03-10T00:00:00Z,10000.0
71,2019-03-11T00:00:00Z,10000.0
72,2019-03-12T00:00:00Z,10000.0
73,2019-03-13T00:00:00Z,10000.0
74,2019-03-14T00:00:00Z,10000.0
75,2019-03-15T00:00:00Z,10000.0
76,2019-03-17T00:00:00Z,10000.0
77,2019-03-18T00:00:00Z,10000.0
78,2019-03-19T00:00:00Z,10000.0
79,2019-03-20T00:00:00Z,10000.0
80,2019-03-21T00:00:00Z,10000.0
81,2019-03-22T00:00:00Z,10000.0
82,2019-03-24T00:00:00Z,10000.0
83,2019-03-25T00:00:00Z,10000.0
84,2019-03-26T00:00:00Z,10000.0
85,2019-03-27T00:00:00Z,10000.0
86,2019-03-28T00:00:00Z,10000.0
87,2019-03-29T00:00:00Z,10000.0
88,2019-03-31T00:00:00Z,10000.0
89,2019-04-01T00:00:00Z,10000.0
90,2019-04-02T00:00:00Z,10000.0
91,2019-04-03T00:00:00Z,10000.0
92,2019-04-04T00:00:00Z,10000.0
93,2019-04-05T00:00:00Z,10000.0
94,2019-04-07T00:00:00Z,10000.0
95,2019-04-08T00:00:00Z,10000.0
96,2019-04-09T00:00:00Z,10000.0
97,2019-04-10T00:00:00Z,10000.0
98,2019-04-11T00:00:00Z,10000.0
99,2019-04-12T00:00:00Z,10000.0
100,2019-04-14T00:00:00Z,10000.0
101,2019-04-15T00:00:00Z,10000.0
102,2019-04-16T00:00:00Z,10000.0
103,2019-04-17T00:00:00Z,10000.0
104,2019-04-18T00:00:00Z,10000.0
105,2019-04-21T00:00:00Z,10000.0
106,2019-04-22T00:00:00Z,10000.0
107,2019-04-23T00:00:00Z,10000.0
108,2019-04-24T00:00:00Z,10000.0
109,2019-04-25T00:00:00Z,10000.0
110,2019-04-26T00:00:00Z,10000.0
111,2019-04-28T00:00:00Z,10000.0
112,2019-04-29T00:00:00Z,10000.0
113,2019-04-30T00:00:00Z,10000.0
114,2019-05-01T00:00:00Z,10000.0
115,2019-05-02T00:00:00Z,10000.0
116,2019-05-03T00:00:00Z,10000.0
117,2019-05-05T00:00:00Z,10000.0
118,2019-05-06T00:00:00Z,10000.0
119,2019-05-07T00:00:00Z,10000.0
120,2019-05-08T00:00:00Z,10000.0
121,2019-05-09T00:00:00Z,10000.0
122,2019-05-10T00:00:00Z,10000.0
123,2019-05-12T00:00:00Z,10000.0
124,2019-05-13T00:00:00Z,10000.0
125,2019-05-14T00:00:00Z,10000.0
126,2019-05-15T00:00:00Z,10000.0
127,2019-05-16T00:00:00Z,10000.0
128,2019-05-17T00:00:00Z,10000.0
129,2019-05-19T00:00:00Z,10000.0
130,2019-05-20T00:00:00Z,10000.0
131,2019-05-21T00:00:00Z,10000.0
132,2019-05-22T00:00:00Z,10000.0
133,2019-05-23T00:00:00Z,10000.0
134,2019-05-24T00:00:00Z,10000.0
135,2019-05-26T00:00:00Z,10000.0
136,2019-05-27T00:00:00Z,10000.0
137,2019-05-28T00:00:00Z,10000.0
138,2019-05-29T00:00:00Z,10000.0
139,2019-05-30T00:00:00Z,10000.0
140,2019-05-31T00:00:00Z,10000.0
141,2019-06-02T00:00:00Z,10000.0
142,2019-06-03T00:00:00Z,10000.0
143,2019-06-04T00:00:00Z,10000.0
144,2019-06-05T00:00:00Z,10000.0
145,2019-06-06T00:00:00Z,10000.0
146,2019-06-07T00:00:00Z,10000.0
147,2019-06-09T00:00:00Z,10000.0
148,2019-06-10T00:00:00Z,10000.0
149,2019-06-11T00:00:00Z,10000.0
150,2019-06-12T00:00:00Z,10000.0
151,2019-06-13T00:00:00Z,10000.0
152,2019-06-14T00:00:00Z,10000.0
153,2019-06-16T00:00:00Z,10000.0
154,2019-06-17T00:00:00Z,10000.0
155,2019-06-18T00:00:00Z,10000.0
156,2019-06-19T00:00:00Z,10000.0
157,2019-06-20T00:00:00Z,10000.0
158,2019-06-21T00:00:00Z,10000.0
159,2019-06-23T00:00:00Z,10000.0
160,2019-06-24T00:00:00Z,10000.0
161,2019-06-25T00:00:00Z,10000.0
162,2019-06-26T00:00:00Z,10000.0
163,2019-06-27T00:00:00Z,10000.0
164,2019-06-28T00:00:00Z,10000.0
165,2019-06-30T00:00:00Z,10000.0
166,2019-07-01T00:00:00Z,10000.0
167,2019-07-02T00:00:00Z,10000.0
168,2019-07-03T00:00:00Z,10000.0
169,2019-07-04T00:00:00Z,10000.0
170,2019-07-05T00:00:00Z,10000.0
171,2019-07-07T00:00:00Z,10000.0
172,2019-07-08T00:00:00Z,10000.0
173,2019-07-09T00:00:00Z,10000.0
174,2019-07-10T00:00:00Z,10000.0
175,2019-07-11T00:00:00Z,10000.0
176,2019-07-12T00:00:00Z,10000.0
177,2019-07-14T00:00:00Z,10000.0
178,2019-07-15T00:00:00Z,10000.0
179,2019-07-16T00:00:00Z,10000.0
180,2019-07-17T00:00:00Z,10000.0
181,2019-07-18T00:00:00Z,10000.0
182,2019-07-19T00:00:00Z,10000.0
183,2019-07-21T00:00:00Z,10000.0
184,2019-07-22T00:00:00Z,10000.0
185,2019-07-23T00:00:00Z,10000.0
186,2019-07-24T00:00:00Z,10000.0
187,2019-07-25T00:00:00Z,10000.0
188,2019-07-26T00:00:00Z,10000.0
189,2019-07-28T00:00:00Z,10000.0
190,2019-07-29T00:00:00Z,10000.0
191,2019-07-30T00:00:00Z,10000.0
192,2019-07-31T00:00:00Z,10000.0
193,2019-08-01T00:00:00Z,10000.0
194,2019-08-02T00:00:00Z,10000.0
195,2019-08-04T00:00:00Z,10000.0
196,2019-08-05T00:00:00Z,10000.0
197,2019-08-06T00:00:00Z,10000.0
198,2019-08-07T00:00:00Z,10000.0
199,2019-08-08T00:00:00Z,10000.0
200,2019-08-09T00:00:00Z,10000.0
201,2019-08-11T00:00:00Z,10000.0
202,2019-08-12T00:00:00Z,10000.0
203,2019-08-13T00:00:00Z,10000.0
204,2019-08-14T00:00:00Z,10000.0
205,2019-08-15T00:00:00Z,10000.0
206,2019-08-16T00:00:00Z,10000.0
207,2019-08-18T00:00:00Z,10000.0
208,2019-08-19T00:00:00Z,10000.0
209,2019-08-20T00:00:00Z,10000.0
210,2019-08-21T00:00:00Z,10000.0
211,2019-08-22T00:00:00Z,10000.0
212,2019-08-23T00:00:00Z,10000.0
213,2019-08-25T00:00:00Z,10000.0
214,2019-08-26T00:00:00Z,10000.0
215,2019-08-27T00:00:00Z,10000.0
216,2019-08-28T00:00:00Z,10000.0
217,2019-08-29T00:00:00Z,10000.0
218,2019-08-30T00:00:00Z,10000.0
219,2019-09-01T00:00:00Z,10000.0
220,2019-09-02T00:00:00Z,10000.0
221,2019-09-03T00:00:00Z,10000.0
222,2019-09-04T00:00:00Z,10000.0
223,2019-09-05T00:00:00Z,10000.0
224,2019-09-06T00:00:00Z,10000.0
225,2019-09-08T00:00:00Z,10000.0
226,2019-09-09T00:00:00Z,10000.0
227,2019-09-10T00:00:00Z,10000.0
228,2019-09-11T00:00:00Z,10000.0
229,2019-09-12T00:00:00Z,10000.0
230,2019-09-13T00:00:00Z,10000.0
231,2019-09-15T00:00:00Z,10000.0
232,2019-09-16T00:00:00Z,10000.0
233,2019-09-17T00:00:00Z,10000.0
234,2019-09-18T00:00:00Z,10000.0
235,2019-09-19T00:00:00Z,10000.0
236,2019-09-20T00:00:00Z,10000.0
237,2019-09-22T00:00:00Z,10000.0
238,2019-09-23T00:00:00Z,10000.0
239,2019-09-24T00:00:00Z,10000.0
240,2019-09-25T00:00:00Z,10000.0
241,2019-09-26T00:00:00Z,10000.0
242,2019-09-27T00:00:00Z,10000.0
243,2019-09-29T00:00:00Z,10000.0
244,2019-09-30T00:00:00Z,10000.0
245,2019-10-01T00:00:00Z,10000.0
246,2019-10-02T00:00:00Z,10000.0
247,2019-10-03T00:00:00Z,10000.0
248,2019-10-04T00:00:00Z,10000.0
249,2019-10-06T00:00:00Z,10000.0
250,2019-10-07T00:00:00Z,10000.0
251,2019-10-08T00:00:00Z,10000.0
252,2019-10-09T00:00:00Z,10000.0
253,2019-10-10T00:00:00Z,10000.0
254,2019-10-11T00:00:00Z,10000.0
255,2019-10-13T00:00:00Z,10000.0
256,2019-10-14T00:00:00Z,10000.0
257,2019-10-15T00:00:00Z,10000.0
258,2019-10-16T00:00:00Z,10000.0
259,2019-10-17T00:00:00Z,10000.0
260,2019-10-18T00:00:00Z,10000.0
261,2019-10-20T00:00:00Z,10000.0
262,2019-10-21T00:00:00Z,10000.0
263,2019-10-22T00:00:00Z,10000.0
264,2019-10-23T00:00:00Z,10000.0
265,2019-10-24T00:00:00Z,10000.0
266,2019-10-25T00:00:00Z,10000.0
267,2019-10-27T00:00:00Z,10000.0
268,2019-10-28T00:00:00Z,10000.0
269,2019-10-29T00:00:00Z,10000.0
270,2019-10-30T00:00:00Z,10000.0
271,2019-10-31T00:00:00Z,10000.0
272,2019-11-01T00:00:00Z,10000.0
273,2019-11-03T00:00:00Z,10000.0
274,2019-11-04T00:00:00Z,10000.0
275,2019-11-05T00:00:00Z,10000.0
276,2019-11-06T00:00:00Z,10000.0
277,2019-11-07T00:00:00Z,10000.0
278,2019-11-08T00:00:00Z,10000.0
279,2019-11-10T00:00:00Z,10000.0
280,2019-11-11T00:00:00Z,10000.0
281,2019-11-12T00:00:00Z,10000.0
282,2019-11-13T00:00:00Z,10000.0
283,2019-11-14T00:00:00Z,10000.0
284,2019-11-15T00:00:00Z,10000.0
285,2019-11-17T00:00:00Z,10000.0
286,2019-11-18T00:00:00Z,10000.0
287,2019-11-19T00:00:00Z,10000.0
288,2019-11-20T00:00:00Z,10000.0
289,2019-11-21T00:00:00Z,10000.0
290,2019-11-22T00:00:00Z,10000.0
291,2019-11-24T00:00:00Z,10000.0
292,2019-11-25T00:00:00Z,10000.0
293,2019-11-26T00:00:00Z,10000.0
294,2019-11-27T00:00:00Z,10000.0
295,2019-11-28T00:00:00Z,10000.0
296,2019-11-29T00:00:00Z,10000.0
297,2019-12-01T00:00:00Z,10000.0
298,2019-12-02T00:00:00Z,10000.0
299,2019-12-03T00:00:00Z,10000.0
300,2019-12-04T00:00:00Z,10000.0
301,2019-12-05T00:00:00Z,10000.0
302,2019-12-06T00:00:00Z,10000.0
303,2019-12-08T00:00:00Z,10000.0
304,2019-12-09T00:00:00Z,10000.0
305,2019-12-10T00:00:00Z,10000.0
306,2019-12-11T00:00:00Z,10000.0
307,2019-12-12T00:00:00Z,10000.0
308,2019-12-13T00:00:00Z,10000.0
309,2019-12-16T00:00:00Z,10000.0
310,2019-12-17T00:00:00Z,10000.0
311,2019-12-18T00:00:00Z,10000.0
312,2019-12-19T00:00:00Z,10000.0
313,2019-12-20T00:00:00Z,10000.0
314,2019-12-22T00:00:00Z,10000.0
315,2019-12-23T00:00:00Z,10000.0
316,2019-12-24T00:00:00Z,10000.0
317,2019-12-25T00:00:00Z,10000.0
318,2019-12-26T00:00:00Z,10000.0
319,2019-12-27T00:00:00Z,10000.0
320,2019-12-29T00:00:00Z,10000.0
321,2019-12-30T00:00:00Z,10000.0
322,2019-12-31T00:00:00Z,10000.0
323,2020-01-01T00:00:00Z,10000.0
324,2020-01-02T00:00:00Z,10000.0
325,2020-01-03T00:00:00Z,10000.0
326,2020-01-05T00:00:00Z,10000.0
327,2020-01-06T00:00:00Z,10000.0
328,2020-01-07T00:00:00Z,10000.0
329,2020-01-08T00:00:00Z,10000.0
330,2020-01-09T00:00:00Z,10000.0
331,2020-01-10T00:00:00Z,10000.0
332,2020-01-12T00:00:00Z,10000.0
333,2020-01-13T00:00:00Z,10000.0
334,2020-01-14T00:00:00Z,10000.0
335,2020-01-15T00:00:00Z,10000.0
336,2020-01-16T00:00:00Z,10000.0
337,2020-01-17T00:00:00Z,10000.0
338,2020-01-19T00:00:00Z,10000.0
339,2020-01-20T00:00:00Z,10000.0
340,2020-01-21T00:00:00Z,10000.0
341,2020-01-22T00:00:00Z,10000.0
342,2020-01-23T00:00:00Z,10000.0
343,2020-01-24T00:00:00Z,10000.0
344,2020-01-26T00:00:00Z,10000.0
345,2020-01-27T00:00:00Z,10000.0
346,2020-01-28T00:00:00Z,10000.0
347,2020-01-29T00:00:00Z,10000.0
348,2020-01-30T00:00:00Z,10000.0
349,2020-01-31T00:00:00Z,10000.0
350,2020-02-02T00:00:00Z,10000.0
351,2020-02-03T00:00:00Z,10000.0
352,2020-02-04T00:00:00Z,10000.0
353,2020-02-05T00:00:00Z,10000.0
354,2020-02-06T00:00:00Z,10000.0
355,2020-02-07T00:00:00Z,10000.0
356,2020-02-09T00:00:00Z,10000.0
357,2020-02-10T00:00:00Z,10000.0
358,2020-02-11T00:00:00Z,10000.0
359,2020-02-12T00:00:00Z,10000.0
360,2020-02-13T00:00:00Z,10000.0
361,2020-02-14T00:00:00Z,10000.0
362,2020-02-16T00:00:00Z,10000.0
363,2020-02-17T00:00:00Z,10000.0
364,2020-02-18T00:00:00Z,10000.0
365,2020-02-19T00:00:00Z,10000.0
366,2020-02-20T00:00:00Z,10000.0
367,2020-02-21T00:00:00Z,10000.0
368,2020-02-23T00:00:00Z,10000.0
369,2020-02-24T00:00:00Z,10000.0
370,2020-02-25T00:00:00Z,10000.0
371,2020-02-26T00:00:00Z,10000.0
372,2020-02-27T00:00:00Z,10000.0
373,2020-02-28T00:00:00Z,10000.0
374,2020-03-01T00:00:00Z,10000.0
375,2020-03-02T00:00:00Z,10000.0
376,2020-03-03T00:00:00Z,10000.0
377,2020-03-04T00:00:00Z,10000.0
378,2020-03-05T00:00:00Z,10000.0
379,2020-03-06T00:00:00Z,10000.0
380,2020-03-08T00:00:00Z,10000.0
381,2020-03-09T00:00:00Z,10000.0
382,2020-03-10T00:00:00Z,10000.0
383,2020-03-11T00:00:00Z,10000.0
384,2020-03-12T00:00:00Z,10000.0
385,2020-03-13T00:00:00Z,10000.0
386,2020-03-15T00:00:00Z,10000.0
387,2020-03-16T00:00:00Z,10000.0
388,2020-03-17T00:00:00Z,10000.0
389,2020-03-18T00:00:00Z,10000.0
390,2020-03-19T00:00:00Z,10000.0
391,2020-03-20T00:00:00Z,10000.0
392,2020-03-22T00:00:00Z,10000.0
393,2020-03-23T00:00:00Z,10000.0
394,2020-03-24T00:00:00Z,10000.0
395,2020-03-25T00:00:00Z,10000.0
396,2020-03-26T00:00:00Z,10000.0
397,2020-03-27T00:00:00Z,10000.0
398,2020-03-29T00:00:00Z,10000.0
399,2020-03-30T00:00:00Z,10000.0
400,2020-03-31T00:00:00Z,10000.0
401,2020-04-01T00:00:00Z,10000.0
402,2020-04-02T00:00:00Z,10000.0
403,2020-04-03T00:00:00Z,10000.0
404,2020-04-05T00:00:00Z,10000.0
405,2020-04-06T00:00:00Z,10000.0
406,2020-04-07T00:00:00Z,10000.0
407,2020-04-08T00:00:00Z,10000.0
408,2020-04-09T00:00:00Z,10000.0
409,2020-04-12T00:00:00Z,10000.0
410,2020-04-13T00:00:00Z,10000.0
411,2020-04-14T00:00:00Z,10000.0
412,2020-04-15T00:00:00Z,10000.0
413,2020-04-16T00:00:00Z,10000.0
414,2020-04-17T00:00:00Z,10000.0
415,2020-04-19T00:00:00Z,10000.0
416,2020-04-20T00:00:00Z,10000.0
417,2020-04-21T00:00:00Z,10000.0
418,2020-04-22T00:00:00Z,10000.0
419,2020-04-23T00:00:00Z,10000.0
420,2020-04-24T00:00:00Z,10000.0
421,2020-04-26T00:00:00Z,10000.0
422,2020-04-27T00:00:00Z,10000.0
423,2020-04-28T00:00:00Z,10000.0
424,2020-04-29T00:00:00Z,10000.0
425,2020-04-30T00:00:00Z,10000.0
426,2020-05-01T00:00:00Z,10000.0
427,2020-05-03T00:00:00Z,10000.0
428,2020-05-04T00:00:00Z,10000.0
429,2020-05-05T00:00:00Z,10000.0
430,2020-05-06T00:00:00Z,10000.0
431,2020-05-07T00:00:00Z,10000.0
432,2020-05-08T00:00:00Z,10000.0
433,2020-05-10T00:00:00Z,10000.0
434,2020-05-11T00:00:00Z,10000.0
435,2020-05-12T00:00:00Z,10000.0
436,2020-05-13T00:00:00Z,10000.0
437,2020-05-14T00:00:00Z,10000.0
438,2020-05-15T00:00:00Z,10000.0
439,2020-05-17T00:00:00Z,10000.0
440,2020-05-18T00:00:00Z,10000.0
441,2020-05-19T00:00:00Z,10000.0
442,2020-05-20T00:00:00Z,10000.0
443,2020-05-21T00:00:00Z,10000.0
444,2020-05-22T00:00:00Z,10000.0
445,2020-05-24T00:00:00Z,10000.0
446,2020-05-25T00:00:00Z,10000.0
447,2020-05-26T00:00:00Z,10000.0
448,2020-05-27T00:00:00Z,10000.0
449,2020-05-28T00:00:00Z,10000.0
450,2020-05-29T00:00:00Z,10000.0
451,2020-05-31T00:00:00Z,10000.0
452,2020-06-01T00:00:00Z,10000.0
453,2020-06-02T00:00:00Z,10000.0
454,2020-06-03T00:00:00Z,10000.0
455,2020-06-04T00:00:00Z,10000.0
456,2020-06-05T00:00:00Z,10000.0
457,2020-06-07T00:00:00Z,10000.0
458,2020-06-08T00:00:00Z,10000.0
459,2020-06-09T00:00:00Z,10000.0
460,2020-06-10T00:00:00Z,10000.0
461,2020-06-11T00:00:00Z,10000.0
462,2020-06-12T00:00:00Z,10000.0
463,2020-06-14T00:00:00Z,10000.0
464,2020-06-15T00:00:00Z,10000.0
465,2020-06-16T00:00:00Z,10000.0
466,2020-06-17T00:00:00Z,10000.0
467,2020-06-18T00:00:00Z,10000.0
468,2020-06-19T00:00:00Z,10000.0
469,2020-06-21T00:00:00Z,10000.0
470,2020-06-22T00:00:00Z,10000.0
471,2020-06-23T00:00:00Z,10000.0
472,2020-06-24T00:00:00Z,10000.0
473,2020-06-25T00:00:00Z,10000.0
474,2020-06-26T00:00:00Z,10000.0
475,2020-06-28T00:00:00Z,10000.0
476,2020-06-29T00:00:00Z,10000.0
477,2020-06-30T00:00:00Z,10000.0
478,2020-07-01T00:00:00Z,10000.0
479,2020-07-02T00:00:00Z,10000.0
480,2020-07-03T00:00:00Z,10000.0
481,2020-07-05T00:00:00Z,10000.0
482,2020-07-06T00:00:00Z,10000.0
483,2020-07-07T00:00:00Z,10000.0
484,2020-07-08T00:00:00Z,10000.0
485,2020-07-09T00:00:00Z,10000.0
486,2020-07-10T00:00:00Z,10000.0
487,2020-07-12T00:00:00Z,10000.0
488,2020-07-13T00:00:00Z,10000.0
489,2020-07-14T00:00:00Z,10000.0
490,2020-07-15T00:00:00Z,10000.0
491,2020-07-16T00:00:00Z,10000.0
492,2020-07-17T00:00:00Z,10000.0
493,2020-07-19T00:00:00Z,10000.0
494,2020-07-20T00:00:00Z,10000.0
495,2020-07-21T00:00:00Z,10000.0
496,2020-07-22T00:00:00Z,10000.0
497,2020-07-23T00:00:00Z,10000.0
498,2020-07-24T00:00:00Z,10000.0
499,2020-07-26T00:00:00Z,10000.0
500,2020-07-27T00:00:00Z,10000.0
501,2020-07-28T00:00:00Z,10000.0
502,2020-07-29T00:00:00Z,10000.0
503,2020-07-30T00:00:00Z,10000.0
504,2020-07-31T00:00:00Z,10000.0
505,2020-08-02T00:00:00Z,10000.0
506,2020-08-03T00:00:00Z,10000.0
507,2020-08-04T00:00:00Z,10000.0
508,2020-08-05T00:00:00Z,10000.0
509,2020-08-06T00:00:00Z,10000.0
510,2020-08-07T00:00:00Z,10000.0
511,2020-08-09T00:00:00Z,10000.0
512,2020-08-10T00:00:00Z,10000.0
513,2020-08-11T00:00:00Z,10000.0
514,2020-08-12T00:00:00Z,10000.0
515,2020-08-13T00:00:00Z,10000.0
516,2020-08-14T00:00:00Z,10000.0
517,2020-08-16T00:00:00Z,10000.0
518,2020-08-17T00:00:00Z,10000.0
519,2020-08-18T00:00:00Z,10000.0
520,2020-08-19T00:00:00Z,10000.0
521,2020-08-20T00:00:00Z,10000.0
522,2020-08-21T00:00:00Z,10000.0
523,2020-08-23T00:00:00Z,10000.0
524,2020-08-24T00:00:00Z,10000.0
525,2020-08-25T00:00:00Z,10000.0
526,2020-08-26T00:00:00Z,10000.0
527,2020-08-27T00:00:00Z,10000.0
528,2020-08-28T00:00:00Z,10000.0
529,2020-08-30T00:00:00Z,10000.0
530,2020-08-31T00:00:00Z,10000.0
531,2020-09-01T00:00:00Z,10000.0
532,2020-09-02T00:00:00Z,10000.0
533,2020-09-03T00:00:00Z,10000.0
534,2020-09-04T00:00:00Z,10000.0
535,2020-09-06T00:00:00Z,10000.0
536,2020-09-07T00:00:00Z,10000.0
537,2020-09-08T00:00:00Z,10000.0
538,2020-09-09T00:00:00Z,10000.0
539,2020-09-10T00:00:00Z,10000.0
540,2020-09-11T00:00:00Z,10000.0
541,2020-09-13T00:00:00Z,10000.0
542,2020-09-14T00:00:00Z,10000.0
543,2020-09-15T00:00:00Z,10000.0
544,2020-09-16T00:00:00Z,10000.0
545,2020-09-17T00:00:00Z,10000.0
546,2020-09-18T00:00:00Z,10000.0
547,2020-09-20T00:00:00Z,10000.0
548,2020-09-21T00:00:00Z,10000.0
549,2020-09-22T00:00:00Z,10000.0
550,2020-09-23T00:00:00Z,10000.0
551,2020-09-24T00:00:00Z,10000.0
552,2020-09-25T00:00:00Z,10000.0
553,2020-09-27T00:00:00Z,10000.0
554,2020-09-28T00:00:00Z,10000.0
555,2020-09-29T00:00:00Z,10000.0
556,2020-09-30T00:00:00Z,10000.0
557,2020-10-01T00:00:00Z,10000.0
558,2020-10-02T00:00:00Z,10000.0
559,2020-10-04T00:00:00Z,10000.0
560,2020-10-05T00:00:00Z,10000.0
561,2020-10-06T00:00:00Z,10000.0
562,2020-10-07T00:00:00Z,10000.0
563,2020-10-08T00:00:00Z,10000.0
564,2020-10-09T00:00:00Z,10000.0
565,2020-10-11T00:00:00Z,10000.0
566,2020-10-12T00:00:00Z,10000.0
567,2020-10-13T00:00:00Z,10000.0
568,2020-10-14T00:00:00Z,10000.0
569,2020-10-15T00:00:00Z,10000.0
570,2020-10-16T00:00:00Z,10000.0
571,2020-10-18T00:00:00Z,10000.0
572,2020-10-19T00:00:00Z,10000.0
573,2020-10-20T00:00:00Z,10000.0
574,2020-10-21T00:00:00Z,10000.0
575,2020-10-22T00:00:00Z,10000.0
576,2020-10-23T00:00:00Z,10000.0
577,2020-10-25T00:00:00Z,10000.0
578,2020-10-26T00:00:00Z,10000.0
579,2020-10-27T00:00:00Z,10000.0
580,2020-10-28T00:00:00Z,10000.0
581,2020-10-29T00:00:00Z,10000.0
582,2020-10-30T00:00:00Z,10000.0
583,2020-11-01T00:00:00Z,10000.0
584,2020-11-02T00:00:00Z,10000.0
585,2020-11-03T00:00:00Z,10000.0
586,2020-11-04T00:00:00Z,10000.0
587,2020-11-05T00:00:00Z,10000.0
588,2020-11-06T00:00:00Z,10000.0
589,2020-11-08T00:00:00Z,10000.0
590,2020-11-09T00:00:00Z,10000.0
591,2020-11-10T00:00:00Z,10000.0
592,2020-11-11T00:00:00Z,10000.0
593,2020-11-12T00:00:00Z,10000.0
594,2020-11-13T00:00:00Z,10000.0
595,2020-11-15T00:00:00Z,10000.0
596,2020-11-16T00:00:00Z,10000.0
597,2020-11-17T00:00:00Z,10000.0
598,2020-11-18T00:00:00Z,10000.0
599,2020-11-19T00:00:00Z,10000.0
600,2020-11-20T00:00:00Z,10000.0
601,2020-11-22T00:00:00Z,10000.0
602,2020-11-23T00:00:00Z,10000.0
603,2020-11-24T00:00:00Z,10000.0
604,2020-11-25T00:00:00Z,10000.0
605,2020-11-26T00:00:00Z,10000.0
606,2020-11-27T00:00:00Z,10000.0
607,2020-11-29T00:00:00Z,10000.0
608,2020-11-30T00:00:00Z,10000.0
609,2020-12-01T00:00:00Z,10000.0
610,2020-12-02T00:00:00Z,10000.0
611,2020-12-03T00:00:00Z,10000.0
612,2020-12-04T00:00:00Z,10000.0
613,2020-12-06T00:00:00Z,10000.0
614,2020-12-07T00:00:00Z,10000.0
615,2020-12-08T00:00:00Z,10000.0
616,2020-12-09T00:00:00Z,10000.0
617,2020-12-10T00:00:00Z,10000.0
618,2020-12-11T00:00:00Z,10000.0
619,2020-12-13T00:00:00Z,10000.0
620,2020-12-14T00:00:00Z,10000.0
621,2020-12-15T00:00:00Z,10000.0
622,2020-12-16T00:00:00Z,10000.0
623,2020-12-17T00:00:00Z,10000.0
624,2020-12-18T00:00:00Z,10000.0
625,2020-12-20T00:00:00Z,10000.0
626,2020-12-21T00:00:00Z,10000.0
627,2020-12-22T00:00:00Z,10000.0
628,2020-12-23T00:00:00Z,10000.0
629,2020-12-24T00:00:00Z,10000.0
630,2020-12-27T00:00:00Z,10000.0
631,2020-12-28T00:00:00Z,10000.0
632,2020-12-29T00:00:00Z,10000.0
633,2020-12-30T00:00:00Z,10000.0
634,2020-12-31T00:00:00Z,10000.0
635,2021-01-03T00:00:00Z,10000.0
636,2021-01-04T00:00:00Z,10000.0
637,2021-01-05T00:00:00Z,10000.0
638,2021-01-06T00:00:00Z,10000.0
639,2021-01-07T00:00:00Z,10000.0
640,2021-01-08T00:00:00Z,10000.0
641,2021-01-10T00:00:00Z,10000.0
642,2021-01-11T00:00:00Z,10000.0
643,2021-01-12T00:00:00Z,10000.0
644,2021-01-13T00:00:00Z,10000.0
645,2021-01-14T00:00:00Z,10000.0
646,2021-01-15T00:00:00Z,10000.0
647,2021-01-17T00:00:00Z,10000.0
648,2021-01-18T00:00:00Z,10000.0
649,2021-01-19T00:00:00Z,10000.0
650,2021-01-20T00:00:00Z,10000.0
651,2021-01-21T00:00:00Z,10000.0
652,2021-01-22T00:00:00Z,10000.0
653,2021-01-24T00:00:00Z,10000.0
654,2021-01-25T00:00:00Z,10000.0
655,2021-01-26T00:00:00Z,10000.0
656,2021-01-27T00:00:00Z,10000.0
657,2021-01-28T00:00:00Z,10000.0
658,2021-01-29T00:00:00Z,10000.0
659,2021-01-31T00:00:00Z,10000.0
660,2021-02-01T00:00:00Z,10000.0
661,2021-02-02T00:00:00Z,10000.0
662,2021-02-03T00:00:00Z,10000.0
663,2021-02-04T00:00:00Z,10000.0
664,2021-02-05T00:00:00Z,10000.0
665,2021-02-07T00:00:00Z,10000.0
666,2021-02-08T00:00:00Z,10000.0
667,2021-02-09T00:00:00Z,10000.0
668,2021-02-10T00:00:00Z,10000.0
669,2021-02-11T00:00:00Z,10000.0
670,2021-02-12T00:00:00Z,10000.0
671,2021-02-14T00:00:00Z,10000.0
672,2021-02-15T00:00:00Z,10000.0
673,2021-02-16T00:00:00Z,10000.0
674,2021-02-17T00:00:00Z,10000.0
675,2021-02-18T00:00:00Z,10000.0
676,2021-02-19T00:00:00Z,10000.0
677,2021-02-21T00:00:00Z,10000.0
678,2021-02-22T00:00:00Z,10000.0
679,2021-02-23T00:00:00Z,10000.0
680,2021-02-24T00:00:00Z,10000.0
681,2021-02-25T00:00:00Z,10000.0
682,2021-02-26T00:00:00Z,10000.0
683,2021-02-28T00:00:00Z,10000.0
684,2021-03-01T00:00:00Z,10000.0
685,2021-03-02T00:00:00Z,10000.0
686,2021-03-03T00:00:00Z,10000.0
687,2021-03-04T00:00:00Z,10000.0
688,2021-03-05T00:00:00Z,10000.0
689,2021-03-07T00:00:00Z,10000.0
690,2021-03-08T00:00:00Z,10000.0
691,2021-03-09T00:00:00Z,10000.0
692,2021-03-10T00:00:00Z,10000.0
693,2021-03-11T00:00:00Z,10000.0
694,2021-03-12T00:00:00Z,10000.0
695,2021-03-14T00:00:00Z,10000.0
696,2021-03-15T00:00:00Z,10000.0
697,2021-03-16T00:00:00Z,10000.0
698,2021-03-17T00:00:00Z,10000.0
699,2021-03-18T00:00:00Z,10000.0
700,2021-03-19T00:00:00Z,10000.0
701,2021-03-21T00:00:00Z,10000.0
702,2021-03-22T00:00:00Z,10000.0
703,2021-03-23T00:00:00Z,10000.0
704,2021-03-24T00:00:00Z,10000.0
705,2021-03-25T00:00:00Z,10000.0
706,2021-03-26T00:00:00Z,10000.0
707,2021-03-28T00:00:00Z,10000.0
708,2021-03-29T00:00:00Z,10000.0
709,2021-03-30T00:00:00Z,10000.0
710,2021-03-31T00:00:00Z,10000.0
711,2021-04-01T00:00:00Z,10000.0
712,2021-04-02T00:00:00Z,10000.0
713,2021-04-04T00:00:00Z,10000.0
714,2021-04-05T00:00:00Z,10000.0
715,2021-04-06T00:00:00Z,10000.0
716,2021-04-07T00:00:00Z,10000.0
717,2021-04-08T00:00:00Z,10000.0
718,2021-04-09T00:00:00Z,10000.0
719,2021-04-11T00:00:00Z,10000.0
720,2021-04-12T00:00:00Z,10000.0
721,2021-04-13T00:00:00Z,10000.0
722,2021-04-14T00:00:00Z,10000.0
723,2021-04-15T00:00:00Z,10000.0
724,2021-04-16T00:00:00Z,10000.0
725,2021-04-18T00:00:00Z,10000.0
726,2021-04-19T00:00:00Z,10000.0
727,2021-04-20T00:00:00Z,10000.0
728,2021-04-21T00:00:00Z,10000.0
729,2021-04-22T00:00:00Z,10000.0
730,2021-04-23T00:00:00Z,10000.0
731,2021-04-25T00:00:00Z,10000.0
732,2021-04-26T00:00:00Z,10000.0
733,2021-04-27T00:00:00Z,10000.0
734,2021-04-28T00:00:00Z,10000.0
735,2021-04-29T00:00:00Z,10000.0
736,2021-04-30T00:00:00Z,10000.0
737,2021-05-02T00:00:00Z,10000.0
738,2021-05-03T00:00:00Z,10000.0
739,2021-05-04T00:00:00Z,10000.0
740,2021-05-05T00:00:00Z,10000.0
741,2021-05-06T00:00:00Z,10000.0
742,2021-05-07T00:00:00Z,10000.0
743,2021-05-09T00:00:00Z,10000.0
744,2021-05-10T00:00:00Z,10000.0
745,2021-05-11T00:00:00Z,10000.0
746,2021-05-12T00:00:00Z,10000.0
747,2021-05-13T00:00:00Z,10000.0
748,2021-05-14T00:00:00Z,10000.0
749,2021-05-16T00:00:00Z,10000.0
750,2021-05-17T00:00:00Z,10000.0
751,2021-05-18T00:00:00Z,10000.0
752,2021-05-19T00:00:00Z,10000.0
753,2021-05-20T00:00:00Z,10000.0
754,2021-05-21T00:00:00Z,10000.0
755,2021-05-23T00:00:00Z,10000.0
756,2021-05-24T00:00:00Z,10000.0
757,2021-05-25T00:00:00Z,10000.0
758,2021-05-26T00:00:00Z,10000.0
759,2021-05-27T00:00:00Z,10000.0
760,2021-05-28T00:00:00Z,10000.0
761,2021-05-30T00:00:00Z,10000.0
762,2021-05-31T00:00:00Z,10000.0
763,2021-06-01T00:00:00Z,10000.0
764,2021-06-02T00:00:00Z,10000.0
765,2021-06-03T00:00:00Z,10000.0
766,2021-06-04T00:00:00Z,10000.0
767,2021-06-06T00:00:00Z,10000.0
768,2021-06-07T00:00:00Z,10000.0
769,2021-06-08T00:00:00Z,10000.0
770,2021-06-09T00:00:00Z,10000.0
771,2021-06-10T00:00:00Z,10000.0
772,2021-06-11T00:00:00Z,10000.0
773,2021-06-13T00:00:00Z,10000.0
774,2021-06-14T00:00:00Z,10000.0
775,2021-06-15T00:00:00Z,10000.0
776,2021-06-16T00:00:00Z,10000.0
777,2021-06-17T00:00:00Z,10000.0
778,2021-06-18T00:00:00Z,10000.0
779,2021-06-20T00:00:00Z,10000.0
780,2021-06-21T00:00:00Z,10000.0
781,2021-06-22T00:00:00Z,10000.0
782,2021-06-23T00:00:00Z,10000.0
783,2021-06-24T00:00:00Z,10000.0
784,2021-06-25T00:00:00Z,10000.0
785,2021-06-27T00:00:00Z,10000.0
786,2021-06-28T00:00:00Z,10000.0
787,2021-06-29T00:00:00Z,10000.0
788,2021-06-30T00:00:00Z,10000.0
789,2021-07-01T00:00:00Z,10000.0
790,2021-07-02T00:00:00Z,10000.0
791,2021-07-04T00:00:00Z,10000.0
792,2021-07-05T00:00:00Z,10000.0
793,2021-07-06T00:00:00Z,10000.0
794,2021-07-07T00:00:00Z,10000.0
795,2021-07-08T00:00:00Z,10000.0
796,2021-07-09T00:00:00Z,10000.0
797,2021-07-11T00:00:00Z,10000.0
798,2021-07-12T00:00:00Z,10000.0
799,2021-07-13T00:00:00Z,10000.0
800,2021-07-14T00:00:00Z,10000.0
801,2021-07-15T00:00:00Z,10000.0
802,2021-07-16T00:00:00Z,10000.0
803,2021-07-18T00:00:00Z,10000.0
804,2021-07-19T00:00:00Z,10000.0
805,2021-07-20T00:00:00Z,10000.0
806,2021-07-21T00:00:00Z,10000.0
807,2021-07-22T00:00:00Z,10000.0
808,2021-07-23T00:00:00Z,10000.0
809,2021-07-25T00:00:00Z,10000.0
810,2021-07-26T00:00:00Z,10000.0
811,2021-07-27T00:00:00Z,10000.0
812,2021-07-28T00:00:00Z,10000.0
813,2021-07-29T00:00:00Z,10000.0
814,2021-07-30T00:00:00Z,10000.0
815,2021-08-01T00:00:00Z,10000.0
816,2021-08-02T00:00:00Z,10000.0
817,2021-08-03T00:00:00Z,10000.0
818,2021-08-04T00:00:00Z,10000.0
819,2021-08-05T00:00:00Z,10000.0
820,2021-08-06T00:00:00Z,10000.0
821,2021-08-08T00:00:00Z,10000.0
822,2021-08-09T00:00:00Z,10000.0
823,2021-08-10T00:00:00Z,10000.0
824,2021-08-11T00:00:00Z,10000.0
825,2021-08-12T00:00:00Z,10000.0
826,2021-08-13T00:00:00Z,10000.0
827,2021-08-15T00:00:00Z,10000.0
828,2021-08-16T00:00:00Z,10000.0
829,2021-08-17T00:00:00Z,10000.0
830,2021-08-18T00:00:00Z,10000.0
831,2021-08-19T00:00:00Z,10000.0
832,2021-08-20T00:00:00Z,10000.0
833,2021-08-22T00:00:00Z,10000.0
834,2021-08-23T00:00:00Z,10000.0
835,2021-08-24T00:00:00Z,10000.0
836,2021-08-25T00:00:00Z,10000.0
837,2021-08-26T00:00:00Z,10000.0
838,2021-08-27T00:00:00Z,10000.0
839,2021-08-29T00:00:00Z,10000.0
840,2021-08-30T00:00:00Z,10000.0
841,2021-08-31T00:00:00Z,10000.0
842,2021-09-01T00:00:00Z,10000.0
843,2021-09-02T00:00:00Z,10000.0
844,2021-09-03T00:00:00Z,10000.0
845,2021-09-05T00:00:00Z,10000.0
846,2021-09-06T00:00:00Z,10000.0
847,2021-09-07T00:00:00Z,10000.0
848,2021-09-08T00:00:00Z,10000.0
849,2021-09-09T00:00:00Z,10000.0
850,2021-09-10T00:00:00Z,10000.0
851,2021-09-12T00:00:00Z,10000.0
852,2021-09-13T00:00:00Z,10000.0
853,2021-09-14T00:00:00Z,10000.0
854,2021-09-15T00:00:00Z,10000.0
855,2021-09-16T00:00:00Z,10000.0
856,2021-09-17T00:00:00Z,10000.0
857,2021-09-19T00:00:00Z,10000.0
858,2021-09-20T00:00:00Z,10000.0
859,2021-09-21T00:00:00Z,10000.0
860,2021-09-22T00:00:00Z,10000.0
861,2021-09-23T00:00:00Z,10000.0
862,2021-09-24T00:00:00Z,10000.0
863,2021-09-26T00:00:00Z,10000.0
864,2021-09-27T00:00:00Z,10000.0
865,2021-09-28T00:00:00Z,10000.0
866,2021-09-29T00:00:00Z,10000.0
867,2021-09-30T00:00:00Z,10000.0
868,2021-10-01T00:00:00Z,10000.0
869,2021-10-03T00:00:00Z,10000.0
870,2021-10-04T00:00:00Z,10000.0
871,2021-10-05T00:00:00Z,10000.0
872,2021-10-06T00:00:00Z,10000.0
873,2021-10-07T00:00:00Z,10000.0
874,2021-10-08T00:00:00Z,10000.0
875,2021-10-10T00:00:00Z,10000.0
876,2021-10-11T00:00:00Z,10000.0
877,2021-10-12T00:00:00Z,10000.0
878,2021-10-13T00:00:00Z,10000.0
879,2021-10-14T00:00:00Z,10000.0
880,2021-10-15T00:00:00Z,10000.0
881,2021-10-17T00:00:00Z,10000.0
882,2021-10-18T00:00:00Z,10000.0
883,2021-10-19T00:00:00Z,10000.0
884,2021-10-20T00:00:00Z,10000.0
885,2021-10-21T00:00:00Z,10000.0
886,2021-10-22T00:00:00Z,10000.0
887,2021-10-24T00:00:00Z,10000.0
888,2021-10-25T00:00:00Z,10000.0
889,2021-10-26T00:00:00Z,10000.0
890,2021-10-27T00:00:00Z,10000.0
891,2021-10-28T00:00:00Z,10000.0
892,2021-10-29T00:00:00Z,10000.0
893,2021-10-31T00:00:00Z,10000.0
894,2021-11-01T00:00:00Z,10000.0
895,2021-11-02T00:00:00Z,10000.0
896,2021-11-03T00:00:00Z,10000.0
897,2021-11-04T00:00:00Z,10000.0
898,2021-11-05T00:00:00Z,10000.0
899,2021-11-07T00:00:00Z,10000.0
900,2021-11-08T00:00:00Z,10000.0
901,2021-11-09T00:00:00Z,10000.0
902,2021-11-10T00:00:00Z,10000.0
903,2021-11-11T00:00:00Z,10000.0
904,2021-11-12T00:00:00Z,10000.0
905,2021-11-14T00:00:00Z,10000.0
906,2021-11-15T00:00:00Z,10000.0
907,2021-11-16T00:00:00Z,10000.0
908,2021-11-17T00:00:00Z,10000.0
909,2021-11-18T00:00:00Z,10000.0
910,2021-11-19T00:00:00Z,10000.0
911,2021-11-21T00:00:00Z,10000.0
912,2021-11-22T00:00:00Z,10000.0
913,2021-11-23T00:00:00Z,10000.0
914,2021-11-24T00:00:00Z,10000.0
915,2021-11-25T00:00:00Z,10000.0
916,2021-11-26T00:00:00Z,10000.0
917,2021-11-28T00:00:00Z,10000.0
918,2021-11-29T00:00:00Z,10000.0
919,2021-11-30T00:00:00Z,10000.0
920,2021-12-01T00:00:00Z,10000.0
921,2021-12-02T00:00:00Z,10000.0
922,2021-12-03T00:00:00Z,10000.0
923,2021-12-05T00:00:00Z,10000.0
924,2021-12-06T00:00:00Z,10000.0
925,2021-12-07T00:00:00Z,10000.0
926,2021-12-08T00:00:00Z,10000.0
927,2021-12-09T00:00:00Z,10000.0
928,2021-12-10T00:00:00Z,10000.0
929,2021-12-12T00:00:00Z,10000.0
930,2021-12-13T00:00:00Z,10000.0
931,2021-12-14T00:00:00Z,10000.0
932,2021-12-15T00:00:00Z,10000.0
933,2021-12-16T00:00:00Z,10000.0
934,2021-12-17T00:00:00Z,10000.0
935,2021-12-19T00:00:00Z,10000.0
936,2021-12-20T00:00:00Z,10000.0
937,2021-12-21T00:00:00Z,10000.0
938,2021-12-22T00:00:00Z,10000.0
939,2021-12-23T00:00:00Z,10000.0
940,2021-12-26T00:00:00Z,10000.0
941,2021-12-27T00:00:00Z,10000.0
942,2021-12-28T00:00:00Z,10000.0
943,2021-12-29T00:00:00Z,10000.0
944,2021-12-30T00:00:00Z,10000.0
945,2021-12-31T00:00:00Z,10000.0
946,2022-01-02T00:00:00Z,10000.0
947,2022-01-03T00:00:00Z,10000.0
948,2022-01-04T00:00:00Z,10000.0
949,2022-01-05T00:00:00Z,10000.0
950,2022-01-06T00:00:00Z,10000.0
951,2022-01-07T00:00:00Z,10000.0
952,2022-01-09T00:00:00Z,10000.0
953,2022-01-10T00:00:00Z,10000.0
954,2022-01-11T00:00:00Z,10000.0
955,2022-01-12T00:00:00Z,10000.0
956,2022-01-13T00:00:00Z,10000.0
957,2022-01-14T00:00:00Z,10000.0
958,2022-01-16T00:00:00Z,10000.0
959,2022-01-17T00:00:00Z,10000.0
960,2022-01-18T00:00:00Z,10000.0
961,2022-01-19T00:00:00Z,10000.0
962,2022-01-20T00:00:00Z,10000.0
963,2022-01-21T00:00:00Z,10000.0
964,2022-01-23T00:00:00Z,10000.0
965,2022-01-24T00:00:00Z,10000.0
966,2022-01-25T00:00:00Z,10000.0
967,2022-01-26T00:00:00Z,10000.0
968,2022-01-27T00:00:00Z,10000.0
969,2022-01-28T00:00:00Z,10000.0
970,2022-01-30T00:00:00Z,10000.0
971,2022-01-31T00:00:00Z,10000.0
972,2022-02-01T00:00:00Z,10000.0
973,2022-02-02T00:00:00Z,10000.0
974,2022-02-03T00:00:00Z,10000.0
975,2022-02-04T00:00:00Z,10000.0
976,2022-02-06T00:00:00Z,10000.0
977,2022-02-07T00:00:00Z,10000.0
978,2022-02-08T00:00:00Z,10000.0
979,2022-02-09T00:00:00Z,10000.0
980,2022-02-10T00:00:00Z,10000.0
981,2022-02-11T00:00:00Z,10000.0
982,2022-02-13T00:00:00Z,10000.0
983,2022-02-14T00:00:00Z,10000.0
984,2022-02-15T00:00:00Z,10000.0
985,2022-02-16T00:00:00Z,10000.0
986,2022-02-17T00:00:00Z,10000.0
987,2022-02-18T00:00:00Z,10000.0
988,2022-02-20T00:00:00Z,10000.0
989,2022-02-21T00:00:00Z,10000.0
990,2022-02-22T00:00:00Z,10000.0
991,2022-02-23T00:00:00Z,10000.0
992,2022-02-24T00:00:00Z,10000.0
993,2022-02-25T00:00:00Z,10000.0
994,2022-02-27T00:00:00Z,10000.0
995,2022-02-28T00:00:00Z,10000.0
996,2022-03-01T00:00:00Z,10000.0
997,2022-03-02T00:00:00Z,10000.0
998,2022-03-03T00:00:00Z,10000.0
999,2022-03-04T00:00:00Z,10000.0
1000,2022-03-06T00:00:00Z,10000.0
1001,2022-03-07T00:00:00Z,10000.0
1002,2022-03-08T00:00:00Z,10000.0
1003,2022-03-09T00:00:00Z,10000.0
1004,2022-03-10T00:00:00Z,10000.0
1005,2022-03-11T00:00:00Z,10000.0
1006,2022-03-13T00:00:00Z,10000.0
1007,2022-03-14T00:00:00Z,10000.0
1008,2022-03-15T00:00:00Z,10000.0
1009,2022-03-16T00:00:00Z,10000.0
1010,2022-03-17T00:00:00Z,10000.0
1011,2022-03-18T00:00:00Z,10000.0
1012,2022-03-20T00:00:00Z,10000.0
1013,2022-03-21T00:00:00Z,10000.0
1014,2022-03-22T00:00:00Z,10000.0
1015,2022-03-23T00:00:00Z,10000.0
1016,2022-03-24T00:00:00Z,10000.0
1017,2022-03-25T00:00:00Z,10000.0
1018,2022-03-27T00:00:00Z,10000.0
1019,2022-03-28T00:00:00Z,10000.0
1020,2022-03-29T00:00:00Z,10000.0
1021,2022-03-30T00:00:00Z,10000.0
1022,2022-03-31T00:00:00Z,10000.0
1023,2022-04-01T00:00:00Z,10000.0
1024,2022-04-03T00:00:00Z,10000.0
1025,2022-04-04T00:00:00Z,10000.0
1026,2022-04-05T00:00:00Z,10000.0
1027,2022-04-06T00:00:00Z,10000.0
1028,2022-04-07T00:00:00Z,10000.0
1029,2022-04-08T00:00:00Z,10000.0
1030,2022-04-10T00:00:00Z,10000.0
1031,2022-04-11T00:00:00Z,10000.0
1032,2022-04-12T00:00:00Z,10000.0
1033,2022-04-13T00:00:00Z,10000.0
1034,2022-04-14T00:00:00Z,10000.0
1035,2022-04-17T00:00:00Z,10000.0
1036,2022-04-18T00:00:00Z,10000.0
1037,2022-04-19T00:00:00Z,10000.0
1038,2022-04-20T00:00:00Z,10000.0
1039,2022-04-21T00:00:00Z,10000.0
1040,2022-04-22T00:00:00Z,10000.0
1041,2022-04-24T00:00:00Z,10000.0
1042,2022-04-25T00:00:00Z,10000.0
1043,2022-04-26T00:00:00Z,10000.0
1044,2022-04-27T00:00:00Z,10000.0
1045,2022-04-28T00:00:00Z,10000.0
1046,2022-04-29T00:00:00Z,10000.0
1047,2022-05-01T00:00:00Z,10000.0
1048,2022-05-02T00:00:00Z,10000.0
1049,2022-05-03T00:00:00Z,10000.0
1050,2022-05-04T00:00:00Z,10000.0
1051,2022-05-05T00:00:00Z,10000.0
1052,2022-05-06T00:00:00Z,10000.0
1053,2022-05-08T00:00:00Z,10000.0
1054,2022-05-09T00:00:00Z,10000.0
1055,2022-05-10T00:00:00Z,10000.0
1056,2022-05-11T00:00:00Z,10000.0
1057,2022-05-12T00:00:00Z,10000.0
1058,2022-05-13T00:00:00Z,10000.0
1059,2022-05-15T00:00:00Z,10000.0
1060,2022-05-16T00:00:00Z,10000.0
1061,2022-05-17T00:00:00Z,10000.0
1062,2022-05-18T00:00:00Z,10000.0
1063,2022-05-19T00:00:00Z,10000.0
1064,2022-05-20T00:00:00Z,10000.0
1065,2022-05-22T00:00:00Z,10000.0
1066,2022-05-23T00:00:00Z,10000.0
1067,2022-05-24T00:00:00Z,10000.0
1068,2022-05-25T00:00:00Z,10000.0
1069,2022-05-26T00:00:00Z,10000.0
1070,2022-05-27T00:00:00Z,10000.0
1071,2022-05-29T00:00:00Z,10000.0
1072,2022-05-30T00:00:00Z,10000.0
1073,2022-05-31T00:00:00Z,10000.0
1074,2022-06-01T00:00:00Z,10000.0
1075,2022-06-02T00:00:00Z,10000.0
1076,2022-06-03T00:00:00Z,10000.0
1077,2022-06-05T00:00:00Z,10000.0
1078,2022-06-06T00:00:00Z,10000.0
1079,2022-06-07T00:00:00Z,10000.0
1080,2022-06-08T00:00:00Z,10000.0
1081,2022-06-09T00:00:00Z,10000.0
1082,2022-06-10T00:00:00Z,10000.0
1083,2022-06-12T00:00:00Z,10000.0
1084,2022-06-13T00:00:00Z,10000.0
1085,2022-06-14T00:00:00Z,10000.0
1086,2022-06-15T00:00:00Z,10000.0
1087,2022-06-16T00:00:00Z,10000.0
1088,2022-06-17T00:00:00Z,10000.0
1089,2022-06-19T00:00:00Z,10000.0
1090,2022-06-20T00:00:00Z,10000.0
1091,2022-06-21T00:00:00Z,10000.0
1092,2022-06-22T00:00:00Z,10000.0
1093,2022-06-23T00:00:00Z,10000.0
1094,2022-06-24T00:00:00Z,10000.0
1095,2022-06-26T00:00:00Z,10000.0
1096,2022-06-27T00:00:00Z,10000.0
1097,2022-06-28T00:00:00Z,10000.0
1098,2022-06-29T00:00:00Z,10000.0
1099,2022-06-30T00:00:00Z,10000.0
1100,2022-07-01T00:00:00Z,10000.0
1101,2022-07-03T00:00:00Z,10000.0
1102,2022-07-04T00:00:00Z,10000.0
1103,2022-07-05T00:00:00Z,10000.0
1104,2022-07-06T00:00:00Z,10000.0
1105,2022-07-07T00:00:00Z,10000.0
1106,2022-07-08T00:00:00Z,10000.0
1107,2022-07-10T00:00:00Z,10000.0
1108,2022-07-11T00:00:00Z,10000.0
1109,2022-07-12T00:00:00Z,10000.0
1110,2022-07-13T00:00:00Z,10000.0
1111,2022-07-14T00:00:00Z,10000.0
1112,2022-07-15T00:00:00Z,10000.0
1113,2022-07-17T00:00:00Z,10000.0
1114,2022-07-18T00:00:00Z,10000.0
1115,2022-07-19T00:00:00Z,10000.0
1116,2022-07-20T00:00:00Z,10000.0
1117,2022-07-21T00:00:00Z,10000.0
1118,2022-07-22T00:00:00Z,10000.0
1119,2022-07-24T00:00:00Z,10000.0
1120,2022-07-25T00:00:00Z,10000.0
1121,2022-07-26T00:00:00Z,10000.0
1122,2022-07-27T00:00:00Z,10000.0
1123,2022-07-28T00:00:00Z,10000.0
1124,2022-07-29T00:00:00Z,10000.0
1125,2022-07-31T00:00:00Z,10000.0
1126,2022-08-01T00:00:00Z,10000.0
1127,2022-08-02T00:00:00Z,10000.0
1128,2022-08-03T00:00:00Z,10000.0
1129,2022-08-04T00:00:00Z,10000.0
1130,2022-08-05T00:00:00Z,10000.0
1131,2022-08-07T00:00:00Z,10000.0
1132,2022-08-08T00:00:00Z,10000.0
1133,2022-08-09T00:00:00Z,10000.0
1134,2022-08-10T00:00:00Z,10000.0
1135,2022-08-11T00:00:00Z,10000.0
1136,2022-08-12T00:00:00Z,10000.0
1137,2022-08-14T00:00:00Z,10000.0
1138,2022-08-15T00:00:00Z,10000.0
1139,2022-08-16T00:00:00Z,10000.0
1140,2022-08-17T00:00:00Z,10000.0
1141,2022-08-18T00:00:00Z,10000.0
1142,2022-08-19T00:00:00Z,10000.0
1143,2022-08-21T00:00:00Z,10000.0
1144,2022-08-22T00:00:00Z,10000.0
1145,2022-08-23T00:00:00Z,10000.0
1146,2022-08-24T00:00:00Z,10000.0
1147,2022-08-25T00:00:00Z,10000.0
1148,2022-08-26T00:00:00Z,10000.0
1149,2022-08-28T00:00:00Z,10000.0
1150,2022-08-29T00:00:00Z,10000.0
1151,2022-08-30T00:00:00Z,10000.0
1152,2022-08-31T00:00:00Z,10000.0
1153,2022-09-01T00:00:00Z,10000.0
1154,2022-09-02T00:00:00Z,10000.0
1155,2022-09-04T00:00:00Z,10000.0
1156,2022-09-05T00:00:00Z,10000.0
1157,2022-09-06T00:00:00Z,10000.0
1158,2022-09-07T00:00:00Z,10000.0
1159,2022-09-08T00:00:00Z,10000.0
1160,2022-09-09T00:00:00Z,10000.0
1161,2022-09-11T00:00:00Z,10000.0
1162,2022-09-12T00:00:00Z,10000.0
1163,2022-09-13T00:00:00Z,10000.0
1164,2022-09-14T00:00:00Z,10000.0
1165,2022-09-15T00:00:00Z,10000.0
1166,2022-09-16T00:00:00Z,10000.0
1167,2022-09-18T00:00:00Z,10000.0
1168,2022-09-19T00:00:00Z,10000.0
1169,2022-09-20T00:00:00Z,10000.0
1170,2022-09-21T00:00:00Z,10000.0
1171,2022-09-22T00:00:00Z,10000.0
1172,2022-09-23T00:00:00Z,10000.0
1173,2022-09-25T00:00:00Z,10000.0
1174,2022-09-26T00:00:00Z,10000.0
1175,2022-09-27T00:00:00Z,10000.0
1176,2022-09-28T00:00:00Z,10000.0
1177,2022-09-29T00:00:00Z,10000.0
1178,2022-09-30T00:00:00Z,10000.0
1179,2022-10-02T00:00:00Z,10000.0
1180,2022-10-03T00:00:00Z,10000.0
1181,2022-10-04T00:00:00Z,10000.0
1182,2022-10-05T00:00:00Z,10000.0
1183,2022-10-06T00:00:00Z,10000.0
1184,2022-10-07T00:00:00Z,10000.0
1185,2022-10-09T00:00:00Z,10000.0
1186,2022-10-10T00:00:00Z,10000.0
1187,2022-10-11T00:00:00Z,10000.0
1188,2022-10-12T00:00:00Z,10000.0
1189,2022-10-13T00:00:00Z,10000.0
1190,2022-10-14T00:00:00Z,10000.0
1191,2022-10-16T00:00:00Z,10000.0
1192,2022-10-17T00:00:00Z,10000.0
1193,2022-10-18T00:00:00Z,10000.0
1194,2022-10-19T00:00:00Z,10000.0
1195,2022-10-20T00:00:00Z,10000.0
1196,2022-10-21T00:00:00Z,10000.0
1197,2022-10-23T00:00:00Z,10000.0
1198,2022-10-24T00:00:00Z,10000.0
1199,2022-10-25T00:00:00Z,10000.0
1200,2022-10-26T00:00:00Z,10000.0
1201,2022-10-27T00:00:00Z,10000.0
1202,2022-10-28T00:00:00Z,10000.0
1203,2022-10-30T00:00:00Z,10000.0
1204,2022-10-31T00:00:00Z,10000.0
1205,2022-11-01T00:00:00Z,10000.0
1206,2022-11-02T00:00:00Z,10000.0
1207,2022-11-03T00:00:00Z,10000.0
1208,2022-11-04T00:00:00Z,10000.0
1209,2022-11-06T00:00:00Z,10000.0
1210,2022-11-07T00:00:00Z,10000.0
1211,2022-11-08T00:00:00Z,10000.0
1212,2022-11-09T00:00:00Z,10000.0
1213,2022-11-10T00:00:00Z,10000.0
1214,2022-11-11T00:00:00Z,10000.0
1215,2022-11-13T00:00:00Z,10000.0
1216,2022-11-14T00:00:00Z,10000.0
1217,2022-11-15T00:00:00Z,10000.0
1218,2022-11-16T00:00:00Z,10000.0
1219,2022-11-17T00:00:00Z,10000.0
1220,2022-11-18T00:00:00Z,10000.0
1221,2022-11-20T00:00:00Z,10000.0
1222,2022-11-21T00:00:00Z,10000.0
1223,2022-11-22T00:00:00Z,10000.0
1224,2022-11-23T00:00:00Z,10000.0
1225,2022-11-24T00:00:00Z,10000.0
1226,2022-11-25T00:00:00Z,10000.0
1227,2022-11-27T00:00:00Z,10000.0
1228,2022-11-28T00:00:00Z,10000.0
1229,2022-11-29T00:00:00Z,10000.0
1230,2022-11-30T00:00:00Z,10000.0
1231,2022-12-01T00:00:00Z,9946.706151339562
1232,2022-12-02T00:00:00Z,9946.706151339562
1233,2022-12-04T00:00:00Z,9946.706151339562
1234,2022-12-05T00:00:00Z,9946.706151339562
1235,2022-12-06T00:00:00Z,9946.706151339562
1236,2022-12-07T00:00:00Z,9946.706151339562
1237,2022-12-08T00:00:00Z,9946.706151339562
1238,2022-12-09T00:00:00Z,9946.706151339562
1239,2022-12-11T00:00:00Z,9946.706151339562
1240,2022-12-12T00:00:00Z,9946.706151339562
1241,2022-12-13T00:00:00Z,9946.706151339562
1242,2022-12-14T00:00:00Z,9946.706151339562
1243,2022-12-15T00:00:00Z,9946.706151339562
1244,2022-12-16T00:00:00Z,9946.706151339562
1245,2022-12-18T00:00:00Z,9946.706151339562
1246,2022-12-19T00:00:00Z,9946.706151339562
1247,2022-12-20T00:00:00Z,9946.706151339562
1248,2022-12-21T00:00:00Z,9946.706151339562
1249,2022-12-22T00:00:00Z,9946.706151339562
1250,2022-12-23T00:00:00Z,9946.706151339562
1251,2022-12-26T00:00:00Z,9946.706151339562
1252,2022-12-27T00:00:00Z,9946.706151339562
1253,2022-12-28T00:00:00Z,9946.706151339562
1254,2022-12-29T00:00:00Z,9946.706151339562
1255,2022-12-30T00:00:00Z,9946.706151339562
1256,2023-01-02T00:00:00Z,9946.706151339562
1257,2023-01-03T00:00:00Z,9946.706151339562
1258,2023-01-04T00:00:00Z,9946.706151339562
1259,2023-01-05T00:00:00Z,9946.706151339562
1260,2023-01-06T00:00:00Z,9946.706151339562
1261,2023-01-08T00:00:00Z,9946.706151339562
1262,2023-01-09T00:00:00Z,9946.706151339562
1263,2023-01-10T00:00:00Z,9946.706151339562
1264,2023-01-11T00:00:00Z,9946.706151339562
1265,2023-01-12T00:00:00Z,9946.706151339562
1266,2023-01-13T00:00:00Z,9946.706151339562
1267,2023-01-15T00:00:00Z,9946.706151339562
1268,2023-01-16T00:00:00Z,9946.706151339562
1269,2023-01-17T00:00:00Z,9946.706151339562
1270,2023-01-18T00:00:00Z,9946.706151339562
1271,2023-01-19T00:00:00Z,9946.706151339562
1272,2023-01-20T00:00:00Z,9946.706151339562
1273,2023-01-22T00:00:00Z,9946.706151339562
1274,2023-01-23T00:00:00Z,9946.706151339562
1275,2023-01-24T00:00:00Z,9946.706151339562
1276,2023-01-25T00:00:00Z,9946.706151339562
1277,2023-01-26T00:00:00Z,9946.706151339562
1278,2023-01-27T00:00:00Z,9946.706151339562
1279,2023-01-29T00:00:00Z,9946.706151339562
1280,2023-01-30T00:00:00Z,9946.706151339562
1281,2023-01-31T00:00:00Z,9946.706151339562
1282,2023-02-01T00:00:00Z,9946.706151339562
1283,2023-02-02T00:00:00Z,9946.706151339562
1284,2023-02-03T00:00:00Z,9946.706151339562
1285,2023-02-05T00:00:00Z,9946.706151339562
1286,2023-02-06T00:00:00Z,9946.706151339562
1287,2023-02-07T00:00:00Z,9946.706151339562
1288,2023-02-08T00:00:00Z,9946.706151339562
1289,2023-02-09T00:00:00Z,9946.706151339562
1290,2023-02-10T00:00:00Z,9946.706151339562
1291,2023-02-12T00:00:00Z,9946.706151339562
1292,2023-02-13T00:00:00Z,9946.706151339562
1293,2023-02-14T00:00:00Z,9946.706151339562
1294,2023-02-15T00:00:00Z,9946.706151339562
1295,2023-02-16T00:00:00Z,9946.706151339562
1296,2023-02-17T00:00:00Z,9946.706151339562
1297,2023-02-19T00:00:00Z,9946.706151339562
1298,2023-02-20T00:00:00Z,9946.706151339562
1299,2023-02-21T00:00:00Z,9946.706151339562
1300,2023-02-22T00:00:00Z,9946.706151339562
1301,2023-02-23T00:00:00Z,9946.706151339562
1302,2023-02-24T00:00:00Z,9946.706151339562
1303,2023-02-26T00:00:00Z,9946.706151339562
1304,2023-02-27T00:00:00Z,9946.706151339562
1305,2023-02-28T00:00:00Z,9946.706151339562
1306,2023-03-01T00:00:00Z,9946.706151339562
1307,2023-03-02T00:00:00Z,9946.706151339562
1308,2023-03-03T00:00:00Z,9946.706151339562
1309,2023-03-05T00:00:00Z,9946.706151339562
1310,2023-03-06T00:00:00Z,9946.706151339562
1311,2023-03-07T00:00:00Z,9946.706151339562
1312,2023-03-08T00:00:00Z,9946.706151339562
1313,2023-03-09T00:00:00Z,9946.706151339562
1314,2023-03-10T00:00:00Z,9946.706151339562
1315,2023-03-12T00:00:00Z,9946.706151339562
1316,2023-03-13T00:00:00Z,9946.706151339562
1317,2023-03-14T00:00:00Z,9946.706151339562
1318,2023-03-15T00:00:00Z,9946.706151339562
1319,2023-03-16T00:00:00Z,9946.706151339562
1320,2023-03-17T00:00:00Z,9946.706151339562
1321,2023-03-19T00:00:00Z,9946.706151339562
1322,2023-03-20T00:00:00Z,9946.706151339562
1323,2023-03-21T00:00:00Z,9946.706151339562
1324,2023-03-22T00:00:00Z,9946.706151339562
1325,2023-03-23T00:00:00Z,9946.706151339562
1326,2023-03-24T00:00:00Z,9946.706151339562
1327,2023-03-26T00:00:00Z,9946.706151339562
1328,2023-03-27T00:00:00Z,9946.706151339562
1329,2023-03-28T00:00:00Z,9946.706151339562
1330,2023-03-29T00:00:00Z,9946.706151339562
1331,2023-03-30T00:00:00Z,9946.706151339562
1332,2023-03-31T00:00:00Z,9946.706151339562
1333,2023-04-02T00:00:00Z,9946.706151339562
1334,2023-04-03T00:00:00Z,9946.706151339562
1335,2023-04-04T00:00:00Z,9946.706151339562
1336,2023-04-05T00:00:00Z,9946.706151339562
1337,2023-04-06T00:00:00Z,9946.706151339562
1338,2023-04-07T00:00:00Z,9946.706151339562
1339,2023-04-09T00:00:00Z,9946.706151339562
1340,2023-04-10T00:00:00Z,9946.706151339562
1341,2023-04-11T00:00:00Z,9946.706151339562
1342,2023-04-12T00:00:00Z,9946.706151339562
1343,2023-04-13T00:00:00Z,9946.706151339562
1344,2023-04-14T00:00:00Z,9946.706151339562
1345,2023-04-16T00:00:00Z,9946.706151339562
1346,2023-04-17T00:00:00Z,9946.706151339562
1347,2023-04-18T00:00:00Z,9946.706151339562
1348,2023-04-19T00:00:00Z,9946.706151339562
1349,2023-04-20T00:00:00Z,9946.706151339562
1350,2023-04-21T00:00:00Z,9946.706151339562
1351,2023-04-23T00:00:00Z,9946.706151339562
1352,2023-04-24T00:00:00Z,9946.706151339562
1353,2023-04-25T00:00:00Z,9946.706151339562
1354,2023-04-26T00:00:00Z,9946.706151339562
1355,2023-04-27T00:00:00Z,9946.706151339562
1356,2023-04-28T00:00:00Z,9946.706151339562
1357,2023-04-30T00:00:00Z,9946.706151339562
1358,2023-05-01T00:00:00Z,9946.706151339562
1359,2023-05-02T00:00:00Z,9946.706151339562
1360,2023-05-03T00:00:00Z,9946.706151339562
1361,2023-05-04T00:00:00Z,9946.706151339562
1362,2023-05-05T00:00:00Z,9946.706151339562
1363,2023-05-07T00:00:00Z,9946.706151339562
1364,2023-05-08T00:00:00Z,9946.706151339562
1365,2023-05-09T00:00:00Z,9946.706151339562
1366,2023-05-10T00:00:00Z,9946.706151339562
1367,2023-05-11T00:00:00Z,9946.706151339562
1368,2023-05-12T00:00:00Z,9946.706151339562
1369,2023-05-14T00:00:00Z,9946.706151339562
1370,2023-05-15T00:00:00Z,9946.706151339562
1371,2023-05-16T00:00:00Z,9946.706151339562
1372,2023-05-17T00:00:00Z,9946.706151339562
1373,2023-05-18T00:00:00Z,9946.706151339562
1374,2023-05-19T00:00:00Z,9946.706151339562
1375,2023-05-21T00:00:00Z,9946.706151339562
1376,2023-05-22T00:00:00Z,9946.706151339562
1377,2023-05-23T00:00:00Z,9946.706151339562
1378,2023-05-24T00:00:00Z,9946.706151339562
1379,2023-05-25T00:00:00Z,9976.235052956667
1380,2023-05-26T00:00:00Z,9976.235052956667
1381,2023-05-28T00:00:00Z,9976.235052956667
1382,2023-05-29T00:00:00Z,9976.235052956667
1383,2023-05-30T00:00:00Z,9976.235052956667
1384,2023-05-31T00:00:00Z,9976.235052956667
1385,2023-06-01T00:00:00Z,9976.235052956667
1386,2023-06-02T00:00:00Z,9976.235052956667
1387,2023-06-04T00:00:00Z,9976.235052956667
1388,2023-06-05T00:00:00Z,9976.235052956667
1389,2023-06-06T00:00:00Z,9976.235052956667
1390,2023-06-07T00:00:00Z,9976.235052956667
1391,2023-06-08T00:00:00Z,9976.235052956667
1392,2023-06-09T00:00:00Z,9976.235052956667
1393,2023-06-11T00:00:00Z,9976.235052956667
1394,2023-06-12T00:00:00Z,9976.235052956667
1395,2023-06-13T00:00:00Z,9976.235052956667
1396,2023-06-14T00:00:00Z,9976.235052956667
1397,2023-06-15T00:00:00Z,9976.235052956667
1398,2023-06-16T00:00:00Z,9976.235052956667
1399,2023-06-18T00:00:00Z,9976.235052956667
1400,2023-06-19T00:00:00Z,9976.235052956667
1401,2023-06-20T00:00:00Z,9976.235052956667
1402,2023-06-21T00:00:00Z,9976.235052956667
1403,2023-06-22T00:00:00Z,9976.235052956667
1404,2023-06-23T00:00:00Z,9976.235052956667
1405,2023-06-25T00:00:00Z,9976.235052956667
1406,2023-06-26T00:00:00Z,9976.235052956667
1407,2023-06-27T00:00:00Z,9976.235052956667
1408,2023-06-28T00:00:00Z,9976.235052956667
1409,2023-06-29T00:00:00Z,9976.235052956667
1410,2023-06-30T00:00:00Z,9976.235052956667
1411,2023-07-02T00:00:00Z,9976.235052956667
1412,2023-07-03T00:00:00Z,9976.235052956667
1413,2023-07-04T00:00:00Z,9976.235052956667
1414,2023-07-05T00:00:00Z,9976.235052956667
1415,2023-07-06T00:00:00Z,9976.235052956667
1416,2023-07-07T00:00:00Z,9976.235052956667
1417,2023-07-09T00:00:00Z,9976.235052956667
1418,2023-07-10T00:00:00Z,9976.235052956667
1419,2023-07-11T00:00:00Z,9976.235052956667
1420,2023-07-12T00:00:00Z,9976.235052956667
1421,2023-07-13T00:00:00Z,9976.235052956667
1422,2023-07-14T00:00:00Z,9976.235052956667
1423,2023-07-16T00:00:00Z,9976.235052956667
1424,2023-07-17T00:00:00Z,9976.235052956667
1425,2023-07-18T00:00:00Z,9976.235052956667
1426,2023-07-19T00:00:00Z,9976.235052956667
1427,2023-07-20T00:00:00Z,9976.235052956667
1428,2023-07-21T00:00:00Z,9976.235052956667
1429,2023-07-23T00:00:00Z,9976.235052956667
1430,2023-07-24T00:00:00Z,9976.235052956667
1431,2023-07-25T00:00:00Z,9976.235052956667
1432,2023-07-26T00:00:00Z,9976.235052956667
1433,2023-07-27T00:00:00Z,9976.235052956667
1434,2023-07-28T00:00:00Z,9976.235052956667
1435,2023-07-30T00:00:00Z,9976.235052956667
1436,2023-07-31T00:00:00Z,9976.235052956667
1437,2023-08-01T00:00:00Z,9976.235052956667
1438,2023-08-02T00:00:00Z,9976.235052956667
1439,2023-08-03T00:00:00Z,9925.756191595201
1440,2023-08-04T00:00:00Z,9925.756191595201
1441,2023-08-06T00:00:00Z,9925.756191595201
1442,2023-08-07T00:00:00Z,9925.756191595201
1443,2023-08-08T00:00:00Z,9925.756191595201
1444,2023-08-09T00:00:00Z,9925.756191595201
1445,2023-08-10T00:00:00Z,9925.756191595201
1446,2023-08-11T00:00:00Z,9925.756191595201
1447,2023-08-13T00:00:00Z,9925.756191595201
1448,2023-08-14T00:00:00Z,9925.756191595201
1449,2023-08-15T00:00:00Z,9925.756191595201
1450,2023-08-16T00:00:00Z,9925.756191595201
1451,2023-08-17T00:00:00Z,9925.756191595201
1452,2023-08-18T00:00:00Z,9925.756191595201
1453,2023-08-20T00:00:00Z,9925.756191595201
1454,2023-08-21T00:00:00Z,9925.756191595201
1455,2023-08-22T00:00:00Z,9925.756191595201
1456,2023-08-23T00:00:00Z,9925.756191595201
1457,2023-08-24T00:00:00Z,9925.756191595201
1458,2023-08-25T00:00:00Z,9925.756191595201
1459,2023-08-27T00:00:00Z,9925.756191595201
1460,2023-08-28T00:00:00Z,9925.756191595201
1461,2023-08-29T00:00:00Z,9925.756191595201
1462,2023-08-30T00:00:00Z,9925.756191595201
1463,2023-08-31T00:00:00Z,9925.756191595201
1464,2023-09-01T00:00:00Z,9925.756191595201
1465,2023-09-03T00:00:00Z,9925.756191595201
1466,2023-09-04T00:00:00Z,9925.756191595201
1467,2023-09-05T00:00:00Z,9925.756191595201
1468,2023-09-06T00:00:00Z,9925.756191595201
1469,2023-09-07T00:00:00Z,9925.756191595201
1470,2023-09-08T00:00:00Z,9925.756191595201
1471,2023-09-10T00:00:00Z,9925.756191595201
1472,2023-09-11T00:00:00Z,9925.756191595201
1473,2023-09-12T00:00:00Z,9925.756191595201
1474,2023-09-13T00:00:00Z,9925.756191595201
1475,2023-09-14T00:00:00Z,9925.756191595201
1476,2023-09-15T00:00:00Z,9925.756191595201
1477,2023-09-17T00:00:00Z,9925.756191595201
1478,2023-09-18T00:00:00Z,9925.756191595201
1479,2023-09-19T00:00:00Z,9925.756191595201
1480,2023-09-20T00:00:00Z,9925.756191595201
1481,2023-09-21T00:00:00Z,9925.756191595201
1482,2023-09-22T00:00:00Z,9925.756191595201
1483,2023-09-24T00:00:00Z,9925.756191595201
1484,2023-09-25T00:00:00Z,9925.756191595201
1485,2023-09-26T00:00:00Z,9925.756191595201
1486,2023-09-27T00:00:00Z,9925.756191595201
1487,2023-09-28T00:00:00Z,9925.756191595201
1488,2023-09-29T00:00:00Z,9925.756191595201
1489,2023-10-01T00:00:00Z,9925.756191595201
1490,2023-10-02T00:00:00Z,9925.756191595201
1491,2023-10-03T00:00:00Z,9925.756191595201
1492,2023-10-04T00:00:00Z,9925.756191595201
1493,2023-10-05T00:00:00Z,9925.756191595201
1494,2023-10-06T00:00:00Z,9925.756191595201
1495,2023-10-08T00:00:00Z,9925.756191595201
1496,2023-10-09T00:00:00Z,9925.756191595201
1497,2023-10-10T00:00:00Z,9925.756191595201
1498,2023-10-11T00:00:00Z,9925.756191595201
1499,2023-10-12T00:00:00Z,9925.756191595201
1500,2023-10-13T00:00:00Z,9925.756191595201
1501,2023-10-15T00:00:00Z,9925.756191595201
1502,2023-10-16T00:00:00Z,9925.756191595201
1503,2023-10-17T00:00:00Z,9925.756191595201
1504,2023-10-18T00:00:00Z,9925.756191595201
1505,2023-10-19T00:00:00Z,9925.756191595201
1506,2023-10-20T00:00:00Z,9925.756191595201
1507,2023-10-22T00:00:00Z,9925.756191595201
1508,2023-10-23T00:00:00Z,9925.756191595201
1509,2023-10-24T00:00:00Z,9925.756191595201
1510,2023-10-25T00:00:00Z,9925.756191595201
1511,2023-10-26T00:00:00Z,9925.756191595201
1512,2023-10-27T00:00:00Z,9925.756191595201
1513,2023-10-29T00:00:00Z,9925.756191595201
1514,2023-10-30T00:00:00Z,9925.756191595201
1515,2023-10-31T00:00:00Z,9925.756191595201
1516,2023-11-01T00:00:00Z,9925.756191595201
1517,2023-11-02T00:00:00Z,9925.756191595201
1518,2023-11-03T00:00:00Z,9925.756191595201
1519,2023-11-05T00:00:00Z,9925.756191595201
1520,2023-11-06T00:00:00Z,9925.756191595201
1521,2023-11-07T00:00:00Z,9925.756191595201
1522,2023-11-08T00:00:00Z,9925.756191595201
1523,2023-11-09T00:00:00Z,9925.756191595201
1524,2023-11-10T00:00:00Z,9925.756191595201
1525,2023-11-12T00:00:00Z,9925.756191595201
1526,2023-11-13T00:00:00Z,9925.756191595201
1527,2023-11-14T00:00:00Z,9925.756191595201
1528,2023-11-15T00:00:00Z,9925.756191595201
1529,2023-11-16T00:00:00Z,9925.756191595201
1530,2023-11-17T00:00:00Z,9925.756191595201
1531,2023-11-19T00:00:00Z,9925.756191595201
1532,2023-11-20T00:00:00Z,9925.756191595201
1533,2023-11-21T00:00:00Z,9925.756191595201
1534,2023-11-22T00:00:00Z,9925.756191595201
1535,2023-11-23T00:00:00Z,9925.756191595201
1536,2023-11-24T00:00:00Z,9925.756191595201
1537,2023-11-26T00:00:00Z,9925.756191595201
1538,2023-11-27T00:00:00Z,9925.756191595201
1539,2023-11-28T00:00:00Z,9925.756191595201
1540,2023-11-29T00:00:00Z,9925.756191595201
1541,2023-11-30T00:00:00Z,9925.756191595201
1542,2023-12-01T00:00:00Z,9925.756191595201
1543,2023-12-03T00:00:00Z,9925.756191595201
1544,2023-12-04T00:00:00Z,9925.756191595201
1545,2023-12-05T00:00:00Z,9925.756191595201
1546,2023-12-06T00:00:00Z,9925.756191595201
1547,2023-12-07T00:00:00Z,9925.756191595201
1548,2023-12-08T00:00:00Z,9925.756191595201
1549,2023-12-10T00:00:00Z,9925.756191595201
1550,2023-12-11T00:00:00Z,9925.756191595201
1551,2023-12-12T00:00:00Z,9925.756191595201
1552,2023-12-13T00:00:00Z,9925.756191595201
1553,2023-12-14T00:00:00Z,9925.756191595201
1554,2023-12-15T00:00:00Z,9925.756191595201
1555,2023-12-17T00:00:00Z,9925.756191595201
1556,2023-12-18T00:00:00Z,9925.756191595201
1557,2023-12-19T00:00:00Z,9925.756191595201
1558,2023-12-20T00:00:00Z,9925.756191595201
1559,2023-12-21T00:00:00Z,9925.756191595201
1560,2023-12-22T00:00:00Z,9925.756191595201
1561,2023-12-25T00:00:00Z,9925.756191595201
1562,2023-12-26T00:00:00Z,9925.756191595201
1563,2023-12-27T00:00:00Z,9925.756191595201
1564,2023-12-28T00:00:00Z,9925.756191595201
1565,2023-12-29T00:00:00Z,9925.756191595201
1566,2024-01-01T00:00:00Z,9925.756191595201
1567,2024-01-02T00:00:00Z,9925.756191595201
1568,2024-01-03T00:00:00Z,9925.756191595201
1569,2024-01-04T00:00:00Z,9925.756191595201
1570,2024-01-05T00:00:00Z,9925.756191595201
1571,2024-01-07T00:00:00Z,9925.756191595201
1572,2024-01-08T00:00:00Z,9925.756191595201
1573,2024-01-09T00:00:00Z,9925.756191595201
1574,2024-01-10T00:00:00Z,9925.756191595201
1575,2024-01-11T00:00:00Z,9925.756191595201
1576,2024-01-12T00:00:00Z,9925.756191595201
1577,2024-01-14T00:00:00Z,9925.756191595201
1578,2024-01-15T00:00:00Z,9925.756191595201
1579,2024-01-16T00:00:00Z,9925.756191595201
1580,2024-01-17T00:00:00Z,9925.756191595201
1581,2024-01-18T00:00:00Z,9925.756191595201
1582,2024-01-19T00:00:00Z,9925.756191595201
1583,2024-01-21T00:00:00Z,9925.756191595201
1584,2024-01-22T00:00:00Z,9925.756191595201
1585,2024-01-23T00:00:00Z,9925.756191595201
1586,2024-01-24T00:00:00Z,9925.756191595201
1587,2024-01-25T00:00:00Z,9925.756191595201
1588,2024-01-26T00:00:00Z,9925.756191595201
1589,2024-01-28T00:00:00Z,9925.756191595201
1590,2024-01-29T00:00:00Z,9925.756191595201
1591,2024-01-30T00:00:00Z,9925.756191595201
1592,2024-01-31T00:00:00Z,9925.756191595201
1593,2024-02-01T00:00:00Z,9925.756191595201
1594,2024-02-02T00:00:00Z,9925.756191595201
1595,2024-02-04T00:00:00Z,9925.756191595201
1596,2024-02-05T00:00:00Z,9925.756191595201
1597,2024-02-06T00:00:00Z,9925.756191595201
1598,2024-02-07T00:00:00Z,9925.756191595201
1599,2024-02-08T00:00:00Z,9925.756191595201
1600,2024-02-09T00:00:00Z,9925.756191595201
1601,2024-02-11T00:00:00Z,9925.756191595201
1602,2024-02-12T00:00:00Z,9925.756191595201
1603,2024-02-13T00:00:00Z,9925.756191595201
1604,2024-02-14T00:00:00Z,9925.756191595201
1605,2024-02-15T00:00:00Z,9925.756191595201
1606,2024-02-16T00:00:00Z,9925.756191595201
1607,2024-02-18T00:00:00Z,9925.756191595201
1608,2024-02-19T00:00:00Z,9925.756191595201
1609,2024-02-20T00:00:00Z,9925.756191595201
1610,2024-02-21T00:00:00Z,9925.756191595201
1611,2024-02-22T00:00:00Z,9925.756191595201
1612,2024-02-23T00:00:00Z,9925.756191595201
1613,2024-02-25T00:00:00Z,9925.756191595201
1614,2024-02-26T00:00:00Z,9925.756191595201
1615,2024-02-27T00:00:00Z,9925.756191595201
1616,2024-02-28T00:00:00Z,9925.756191595201
1617,2024-02-29T00:00:00Z,9925.756191595201
1618,2024-03-01T00:00:00Z,9925.756191595201
1619,2024-03-03T00:00:00Z,9925.756191595201
1620,2024-03-04T00:00:00Z,9925.756191595201
1621,2024-03-05T00:00:00Z,9925.756191595201
1622,2024-03-06T00:00:00Z,9925.756191595201
1623,2024-03-07T00:00:00Z,9925.756191595201
1624,2024-03-08T00:00:00Z,9925.756191595201
1625,2024-03-10T00:00:00Z,9925.756191595201
1626,2024-03-11T00:00:00Z,9925.756191595201
1627,2024-03-12T00:00:00Z,9925.756191595201
1628,2024-03-13T00:00:00Z,9925.756191595201
1629,2024-03-14T00:00:00Z,9925.756191595201
1630,2024-03-15T00:00:00Z,9925.756191595201
1631,2024-03-17T00:00:00Z,9925.756191595201
1632,2024-03-18T00:00:00Z,9925.756191595201
1633,2024-03-19T00:00:00Z,9925.756191595201
1634,2024-03-20T00:00:00Z,9925.756191595201
1635,2024-03-21T00:00:00Z,9925.756191595201
1636,2024-03-22T00:00:00Z,9925.756191595201
1637,2024-03-24T00:00:00Z,9925.756191595201
1638,2024-03-25T00:00:00Z,9925.756191595201
1639,2024-03-26T00:00:00Z,9925.756191595201
1640,2024-03-27T00:00:00Z,9925.756191595201
1641,2024-03-28T00:00:00Z,9925.756191595201
1642,2024-03-29T00:00:00Z,9925.756191595201
1643,2024-03-31T00:00:00Z,9925.756191595201
1644,2024-04-01T00:00:00Z,9925.756191595201
1645,2024-04-02T00:00:00Z,9925.756191595201
1646,2024-04-03T00:00:00Z,9925.756191595201
1647,2024-04-04T00:00:00Z,9925.756191595201
1648,2024-04-05T00:00:00Z,9925.756191595201
1649,2024-04-07T00:00:00Z,9925.756191595201
1650,2024-04-08T00:00:00Z,9925.756191595201
1651,2024-04-09T00:00:00Z,9925.756191595201
1652,2024-04-10T00:00:00Z,9925.756191595201
1653,2024-04-11T00:00:00Z,9925.756191595201
1654,2024-04-12T00:00:00Z,9925.756191595201
1655,2024-04-14T00:00:00Z,9925.756191595201
1656,2024-04-15T00:00:00Z,9925.756191595201
1657,2024-04-16T00:00:00Z,9925.756191595201
1658,2024-04-17T00:00:00Z,9925.756191595201
1659,2024-04-18T00:00:00Z,9925.756191595201
1660,2024-04-19T00:00:00Z,9925.756191595201
1661,2024-04-21T00:00:00Z,9925.756191595201
1662,2024-04-22T00:00:00Z,9925.756191595201
1663,2024-04-23T00:00:00Z,9925.756191595201
1664,2024-04-24T00:00:00Z,9925.756191595201
1665,2024-04-25T00:00:00Z,9925.756191595201
1666,2024-04-26T00:00:00Z,9925.756191595201
1667,2024-04-28T00:00:00Z,9925.756191595201
1668,2024-04-29T00:00:00Z,9925.756191595201
1669,2024-04-30T00:00:00Z,9925.756191595201
1670,2024-05-01T00:00:00Z,9925.756191595201
1671,2024-05-02T00:00:00Z,9925.756191595201
1672,2024-05-03T00:00:00Z,9925.756191595201
1673,2024-05-05T00:00:00Z,9925.756191595201
1674,2024-05-06T00:00:00Z,9925.756191595201
1675,2024-05-07T00:00:00Z,9925.756191595201
1676,2024-05-08T00:00:00Z,9925.756191595201
1677,2024-05-09T00:00:00Z,9925.756191595201
1678,2024-05-10T00:00:00Z,9925.756191595201
